EDHMvic/OtherData/ct_dem025.txt
ncols         702
nrows         425
xllcorner     90.55
yllcorner     25.05
cellsize      0.025
NODATA_value  -9999
[rows 36 to 71 of 425, columns 574 to 655 of 702]
-9999 -9999 -9999 -9999 -9999 -9999 -9999 -9999 -9999 -9999 -9999 -9999 -9999 -9999 -9999 -9999 -9999 -9999 -9999 -9999 -9999 -9999 -9999 -9999 -9999 -9999 -9999 -9999 -9999 -9999 -9999 -9999 -9999 -9999 -9999 -9999 -9999 -9999 -9999 -9999 -9999 -9999 -9999 -9999 -9999 -9999 -9999 -9999 -9999 -9999 -9999 -9999 -9999 -9999 -9999 -9999 -9999 -9999 -9999 -9999 -9999 -9999 -9999 -9999 -9999 -9999 -9999 -9999 -9999 -9999 -9999 -9999 -9999 -9999 -9999 -9999 -9999 -9999 -9999 -9999 -9999 -9999
-9999 -9999 -9999 -9999 -9999 -9999 -9999 -9999 -9999 -9999 -9999 -9999 -9999 -9999 -9999 -9999 -9999 -9999 -9999 -9999 -9999 -9999 -9999 -9999 -9999 -9999 -9999 -9999 -9999 -9999 -9999 -9999 -9999 -9999 -9999 -9999 -9999 -9999 -9999 -9999 -9999 -9999 -9999 -9999 -9999 -9999 -9999 -9999 -9999 -9999 -9999 -9999 -9999 -9999 -9999 -9999 -9999 -9999 -9999 -9999 -9999 -9999 -9999 -9999 -9999 -9999 -9999 -9999 -9999 -9999 -9999 -9999 -9999 -9999 -9999 -9999 -9999 -9999 -9999 -9999 -9999 -9999
-9999 -9999 -9999 -9999 -9999 -9999 -9999 -9999 -9999 -9999 -9999 -9999 -9999 -9999 -9999 -9999 -9999 -9999 -9999 -9999 -9999 -9999 -9999 -9999 -9999 -9999 -9999 -9999 -9999 -9999 -9999 -9999 -9999 -9999 -9999 -9999 -9999 -9999 -9999 -9999 -9999 -9999 -9999 -9999 -9999 -9999 -9999 -9999 -9999 -9999 -9999 -9999 -9999 -9999 -9999 -9999 -9999 -9999 -9999 -9999 -9999 -9999 -9999 -9999 -9999 -9999 -9999 -9999 -9999 -9999 -9999 -9999 -9999 -9999 -9999 -9999 -9999 -9999 -9999 -9999 -9999 -9999
-9999 -9999 -9999 -9999 -9999 -9999 -9999 -9999 -9999 -9999 -9999 -9999 -9999 -9999 -9999 -9999 -9999 -9999 -9999 -9999 -9999 -9999 -9999 -9999 -9999 -9999 -9999 -9999 -9999 -9999 -9999 -9999 -9999 -9999 -9999 -9999 -9999 -9999 -9999 -9999 -9999 -9999 -9999 -9999 -9999 -9999 -9999 -9999 -9999 -9999 -9999 -9999 -9999 -9999 -9999 -9999 -9999 -9999 -9999 -9999 -9999 -9999 -9999 -9999 -9999 -9999 -9999 -9999 -9999 -9999 -9999 -9999 -9999 -9999 -9999 -9999 -9999 -9999 -9999 -9999 -9999 -9999
-9999 -9999 -9999 -9999 -9999 -9999 -9999 -9999 -9999 -9999 -9999 -9999 -9999 -9999 -9999 -9999 -9999 -9999 -9999 -9999 -9999 -9999 -9999 -9999 -9999 -9999 -9999 -9999 -9999 -9999 -9999 -9999 -9999 -9999 -9999 -9999 -9999 -9999 -9999 -9999 -9999 -9999 -9999 -9999 -9999 -9999 -9999 -9999 -9999 -9999 -9999 -9999 -9999 -9999 -9999 -9999 -9999 -9999 -9999 -9999 -9999 -9999 -9999 -9999 -9999 -9999 -9999 -9999 -9999 -9999 -9999 -9999 -9999 -9999 -9999 -9999 -9999 -9999 -9999 -9999 -9999 -9999
-9999 -9999 -9999 -9999 -9999 -9999 -9999 -9999 -9999 -9999 -9999 -9999 -9999 -9999 -9999 -9999 -9999 -9999 -9999 -9999 -9999 -9999 -9999 -9999 -9999 -9999 -9999 -9999 -9999 -9999 -9999 -9999 -9999 -9999 -9999 -9999 -9999 -9999 -9999 -9999 -9999 -9999 -9999 -9999 -9999 -9999 -9999 -9999 -9999 -9999 -9999 -9999 -9999 -9999 -9999 -9999 -9999 -9999 -9999 -9999 -9999 -9999 -9999 -9999 -9999 -9999 -9999 -9999 -9999 -9999 -9999 -9999 -9999 -9999 -9999 -9999 -9999 -9999 -9999 -9999 -9999 -9999
-9999 -9999 -9999 -9999 -9999 -9999 -9999 -9999 -9999 -9999 -9999 -9999 -9999 -9999 -9999 -9999 -9999 -9999 -9999 -9999 -9999 -9999 -9999 -9999 -9999 -9999 -9999 -9999 -9999 -9999 -9999 -9999 -9999 -9999 -9999 -9999 -9999 -9999 -9999 -9999 -9999 -9999 -9999 -9999 -9999 -9999 -9999 -9999 -9999 -9999 -9999 -9999 -9999 -9999 -9999 -9999 -9999 -9999 -9999 -9999 -9999 -9999 -9999 -9999 -9999 -9999 -9999 -9999 -9999 -9999 -9999 -9999 -9999 -9999 -9999 -9999 -9999 -9999 -9999 -9999 -9999 -9999
-9999 -9999 -9999 -9999 -9999 -9999 -9999 -9999 -9999 -9999 -9999 -9999 -9999 -9999 -9999 -9999 -9999 -9999 -9999 -9999 -9999 -9999 -9999 -9999 -9999 -9999 -9999 -9999 -9999 -9999 -9999 -9999 -9999 -9999 -9999 -9999 -9999 -9999 -9999 -9999 -9999 -9999 -9999 -9999 -9999 -9999 -9999 -9999 -9999 -9999 -9999 -9999 -9999 -9999 -9999 -9999 -9999 -9999 -9999 -9999 -9999 -9999 -9999 -9999 -9999 -9999 -9999 -9999 -9999 -9999 -9999 -9999 -9999 -9999 -9999 -9999 -9999 -9999 -9999 -9999 -9999 -9999
-9999 -9999 -9999 -9999 -9999 -9999 -9999 -9999 -9999 -9999 -9999 -9999 -9999 -9999 -9999 -9999 -9999 -9999 -9999 -9999 -9999 -9999 -9999 -9999 -9999 -9999 -9999 -9999 -9999 -9999 -9999 -9999 -9999 -9999 -9999 -9999 -9999 -9999 -9999 -9999 -9999 -9999 -9999 -9999 -9999 -9999 -9999 -9999 -9999 -9999 -9999 -9999 -9999 -9999 -9999 -9999 -9999 -9999 -9999 -9999 -9999 -9999 -9999 -9999 -9999 -9999 -9999 -9999 -9999 -9999 -9999 -9999 -9999 -9999 -9999 -9999 -9999 -9999 -9999 -9999 -9999 -9999
-9999 -9999 -9999 -9999 -9999 -9999 -9999 -9999 -9999 -9999 -9999 -9999 -9999 -9999 -9999 -9999 -9999 -9999 -9999 -9999 -9999 -9999 -9999 -9999 -9999 -9999 -9999 -9999 -9999 -9999 -9999 -9999 -9999 -9999 -9999 -9999 -9999 -9999 -9999 -9999 -9999 -9999 -9999 -9999 -9999 -9999 -9999 -9999 -9999 -9999 -9999 -9999 -9999 -9999 -9999 -9999 -9999 -9999 -9999 -9999 -9999 -9999 -9999 -9999 -9999 -9999 -9999 -9999 -9999 -9999 -9999 -9999 -9999 -9999 -9999 -9999 -9999 -9999 -9999 -9999 -9999 -9999
-9999 -9999 -9999 -9999 -9999 -9999 -9999 -9999 -9999 -9999 -9999 -9999 -9999 -9999 -9999 2006 2006 -9999 -9999 -9999 -9999 -9999 -9999 -9999 -9999 -9999 -9999 -9999 -9999 -9999 -9999 -9999 -9999 -9999 -9999 -9999 -9999 -9999 -9999 -9999 -9999 -9999 -9999 -9999 -9999 -9999 -9999 -9999 -9999 -9999 -9999 -9999 -9999 -9999 -9999 -9999 -9999 -9999 -9999 -9999 -9999 -9999 -9999 -9999 -9999 -9999 -9999 -9999 -9999 -9999 -9999 -9999 -9999 -9999 -9999 -9999 -9999 -9999 -9999 -9999 -9999 -9999
-9999 -9999 -9999 -9999 -9999 -9999 -9999 -9999 -9999 -9999 1949 1935 1951 2057 2057 1959 1869 1869 1796 1837 1837 1730 1730 1792 -9999 -9999 -9999 -9999 -9999 -9999 -9999 -9999 -9999 -9999 -9999 -9999 -9999 -9999 -9999 -9999 -9999 -9999 -9999 -9999 -9999 -9999 -9999 -9999 -9999 -9999 -9999 -9999 -9999 -9999 -9999 -9999 -9999 -9999 -9999 -9999 -9999 -9999 -9999 -9999 -9999 -9999 -9999 -9999 -9999 -9999 -9999 -9999 -9999 -9999 -9999 -9999 -9999 -9999 -9999 -9999 -9999 -9999
-9999 -9999 -9999 -9999 -9999 -9999 -9999 2243 2197 2197 2298 1896 1836 1963 1963 1904 1805 1893 1813 1837 1751 1724 1709 1678 1678 -9999 -9999 -9999 -9999 -9999 -9999 -9999 -9999 -9999 -9999 -9999 -9999 -9999 -9999 -9999 -9999 -9999 -9999 -9999 -9999 -9999 -9999 -9999 -9999 -9999 -9999 -9999 -9999 -9999 -9999 -9999 -9999 -9999 -9999 -9999 -9999 -9999 -9999 -9999 -9999 -9999 -9999 -9999 -9999 -9999 -9999 -9999 -9999 -9999 -9999 -9999 -9999 -9999 -9999 -9999 -9999 -9999
-9999 -9999 -9999 -9999 2263 2161 2115 2115 1946 1946 2241 1910 1810 1868 1868 2013 1801 1801 1713 1837 1837 1696 1663 1649 1722 1748 1811 -9999 -9999 -9999 -9999 -9999 -9999 -9999 -9999 -9999 -9999 -9999 -9999 -9999 -9999 -9999 -9999 -9999 -9999 -9999 -9999 -9999 -9999 -9999 -9999 -9999 -9999 -9999 -9999 -9999 -9999 -9999 -9999 -9999 -9999 -9999 -9999 -9999 -9999 -9999 -9999 -9999 -9999 -9999 -9999 -9999 -9999 -9999 -9999 -9999 -9999 -9999 -9999 -9999 -9999 -9999
-9999 2238 2140 2140 1879 1879 2156 2063 1848 1925 2159 2022 1845 1776 1776 1913 1801 1801 1713 1837 1708 1708 1842 1770 1672 1811 1784 1798 1798 -9999 -9999 -9999 -9999 -9999 -9999 -9999 -9999 -9999 -9999 -9999 -9999 -9999 -9999 -9999 -9999 -9999 -9999 -9999 -9999 1885 -9999 -9999 -9999 -9999 -9999 -9999 -9999 -9999 -9999 -9999 -9999 -9999 -9999 -9999 -9999 -9999 -9999 -9999 -9999 -9999 -9999 -9999 -9999 -9999 -9999 -9999 -9999 -9999 -9999 -9999 -9999 -9999
2233 2072 2041 2041 1800 1800 2007 2007 1740 1720 2037 2007 1857 1776 1870 1850 1816 1816 1719 1669 1855 1791 1842 1623 1669 1689 1784 1735 1735 1764 -9999 -9999 -9999 -9999 -9999 -9999 -9999 -9999 -9999 -9999 -9999 -9999 -9999 -9999 -9999 -9999 -9999 1841 1720 1653 1819 1865 1865 2010 2264 -9999 -9999 -9999 -9999 -9999 -9999 -9999 -9999 -9999 -9999 -9999 -9999 -9999 -9999 -9999 -9999 -9999 -9999 -9999 -9999 -9999 -9999 -9999 -9999 -9999 -9999 -9999
2042 1842 1818 1987 1800 2084 1794 1794 1695 1829 1906 1906 1925 1701 1701 1948 1948 1758 1896 1856 1716 1622 1589 1816 1575 1602 1602 1776 1797 1765 1765 -9999 -9999 -9999 -9999 -9999 -9999 -9999 -9999 -9999 -9999 -9999 -9999 -9999 -9999 1920 1772 1658 1570 1570 1658 1685 1828 1915 1939 1803 1967 1639 1790 -9999 -9999 -9999 -9999 -9999 -9999 -9999 -9999 -9999 -9999 -9999 -9999 -9999 -9999 -9999 -9999 -9999 -9999 -9999 -9999 -9999 -9999 -9999
1965 1842 1931 1987 1684 1669 1747 1747 1599 1829 1843 1755 1925 1747 1747 1636 1758 1698 1698 1742 1778 1655 1568 1568 1575 1563 1563 1697 1895 1765 1720 -9999 -9999 -9999 1746 1746 -9999 -9999 -9999 -9999 -9999 -9999 -9999 -9999 1836 1824 1772 1658 1570 1570 1597 1612 1663 1970 1654 1803 1602 1653 1498 1694 1694 -9999 -9999 -9999 -9999 -9999 -9999 -9999 -9999 -9999 -9999 -9999 -9999 -9999 -9999 -9999 -9999 -9999 -9999 -9999 -9999 -9999
2233 2219 2228 1931 1731 1629 1571 1571 1735 1699 1699 1666 1661 1584 1584 1568 1620 1698 1692 1804 1804 1659 1568 1534 1584 1584 1535 1553 1553 1602 1733 -9999 -9999 1762 1685 1624 1624 1569 1569 1563 1563 1701 1701 1702 1699 1809 1893 1628 1591 1591 1486 1486 1663 1663 1654 1602 1602 1653 1676 1497 1497 -9999 -9999 -9999 -9999 -9999 -9999 -9999 -9999 -9999 -9999 -9999 -9999 -9999 -9999 -9999 -9999 -9999 -9999 -9999 -9999 -9999
2322 2108 2108 2159 1999 1871 1571 1571 1491 1491 1721 1666 1661 1584 1584 1568 1620 1709 1674 1569 1538 1635 1514 1508 1512 1519 1535 1553 1624 1653 1698 1816 1786 1680 1685 1696 1696 1548 1569 1542 1542 1683 1701 1551 1551 1725 1612 1628 1591 1591 1414 1486 1697 1677 1854 1645 1645 1526 1457 1497 1446 1661 -9999 -9999 -9999 -9999 -9999 -9999 -9999 -9999 -9999 1864 1775 1811 -9999 -9999 -9999 -9999 -9999 -9999 -9999 -9999
2363 2163 2163 2005 1912 1872 1784 1784 1491 1464 1514 1514 1587 1661 1661 1523 1568 1685 1643 1696 1486 1486 1492 1620 1557 1519 1539 1580 1624 1641 1831 1799 1780 1780 1800 1716 1575 1670 1564 1472 1472 1561 1595 1501 1551 1739 1569 1569 1722 1521 1377 1467 1808 1808 1701 1727 1694 1526 1490 1384 1384 1683 1683 2487 -9999 2036 1928 1988 1915 1692 1806 1724 1619 1690 1752 1433 1870 1730 1730 1413 1413 -9999
2282 2163 2163 1971 1912 1791 1719 1719 1606 1464 1459 1453 1487 1587 1587 1523 1558 1500 1489 1467 1470 1486 1492 1702 1587 1539 1622 1569 1762 1646 1668 1692 1765 1765 1678 1659 1659 1590 1513 1513 1513 1429 1429 1423 1423 1692 1384 1384 1521 1521 1377 1467 1633 1633 1701 1771 1733 1587 1490 1376 1376 1495 1683 2487 2388 2165 1794 1794 1810 1644 1698 1649 1540 1540 1699 1357 1870 1564 1531 1383 1413 1509
1879 1817 1817 1926 1785 1995 1719 1719 1820 1578 1557 1413 1421 1455 1455 1441 1462 1462 1589 1467 1470 1682 1552 1634 1587 1587 1666 1569 1604 1648 1769 1728 1728 1761 1770 1660 1659 1555 1618 1598 1598 1429 1429 1404 1375 1333 1289 1289 1615 1624 1300 1609 1581 1581 1610 1670 1673 1637 1672 1419 1419 1458 1577 1991 1991 1984 1687 1641 1701 1583 1538 1675 1773 1436 1438 1337 1280 1530 1318 1356 1851 1692
1824 1817 1975 1926 1841 1758 1730 1730 1494 1440 1400 1406 1513 1623 1623 1550 1462 1462 1509 1507 1526 1590 1552 1658 1624 1624 1666 1599 1668 1648 1700 1858 1787 1875 1660 1660 1686 1623 1676 1604 1552 1654 1488 1456 1456 1333 1437 1479 1499 1460 1268 1609 1652 1597 1610 1670 1673 1630 1672 1419 1419 1458 1745 1804 1804 1777 1766 1641 1539 1492 1538 1675 1773 1436 1372 1247 1247 1280 1318 1358 1694 1840
1824 1696 1690 1850 1686 1612 1631 1631 1388 1393 1399 1513 1513 1618 1726 1589 1511 1575 1702 1675 1675 1599 1700 1781 1679 1679 1709 1709 1667 1541 1865 1796 1773 1583 1808 1808 1886 1815 1822 1742 1547 1552 1675 1656 1630 1437 1437 1247 1247 1479 1187 1187 1615 1615 1619 1516 1713 1615 1674 1292 1614 1465 1553 1646 1646 1457 1746 1721 1431 1362 1725 1725 1330 1305 1248 1432 1548 1523 1672 1620 1822 -9999
2026 1792 1616 1616 1560 1504 1513 1513 1388 1388 1541 1541 1680 1792 1792 1602 1511 1652 1652 1617 1702 1681 1681 1700 1762 1567 1662 1482 1526 1526 1865 1543 1621 1531 1550 1784 1843 1549 1549 1684 1713 1438 1741 2079 1645 1396 1396 1339 1505 1327 1140 1140 1283 1741 1576 1434 2059 1728 1246 1246 1611 1611 1730 1619 1569 1559 1559 1599 1602 1602 1630 1866 1382 1183 1432 1432 1462 1586 1858 1757 1944 -9999
2329 1944 1616 1616 1502 1495 1513 1513 1388 1388 1728 1728 1826 1792 1792 1539 1511 1649 1649 1662 1657 1769 1841 1729 1712 1811 1729 1449 1526 1526 1543 1543 1621 1563 1550 1620 1843 1579 1472 1525 1564 1341 1460 1460 1416 1396 1396 1228 1120 1125 1302 1140 1578 1610 1472 1347 2059 1728 1209 1209 1497 1497 1661 1730 1569 1559 1559 1214 1214 1277 1630 1630 1361 1178 1610 1610 1669 1669 1713 1713 1811 -9999
2244 2069 1828 1899 1502 1402 1372 1631 1399 1454 1862 1862 1911 1739 1739 1569 1553 1642 1711 1922 1784 1780 1689 1601 1598 1598 1466 1436 1403 1403 1607 1368 1423 1375 1411 1437 1437 1651 1651 1437 1362 1392 1241 1352 1212 1255 1389 1099 1084 1097 1132 1169 1587 1439 1614 1296 1347 1518 1207 1312 1515 1500 1558 1477 1541 1347 1162 1214 1289 1336 1270 1147 1137 1353 1798 1418 1821 1523 1713 1641 1641 -9999
2244 2069 1636 1636 1690 1402 1372 1372 1361 1478 1763 1762 1911 1739 1739 1569 1569 1642 1710 1922 1735 1780 1641 1695 1545 1545 1538 1436 1403 1335 1317 1317 1423 1582 1411 1507 1507 1539 1437 1429 1429 1370 1352 1352 1212 1255 1389 1266 1084 1132 1027 1152 1310 1439 1391 1208 1348 1518 1107 1107 1781 1467 1369 1369 1548 1467 1150 1266 1289 1336 1123 1147 1260 1685 1268 1418 1821 1462 1759 1568 1628 -9999
2171 1758 1625 1625 1541 1478 1502 1361 1361 1545 1771 1734 1839 1648 1648 1641 1564 1710 1710 1755 1755 1799 1792 1579 1545 1545 1743 1580 1571 1287 1303 1303 1614 1848 1615 1817 1817 1667 1452 1472 1441 1370 1356 1356 1377 1425 1440 1440 1183 1077 1077 994 1182 1541 1431 1208 1244 1546 1589 1107 1131 1467 1304 1546 1345 1083 1124 1457 1347 1290 1077 1213 1477 1544 1503 1590 1689 1363 1568 1568 1599 -9999
2165 1758 1719 1897 1705 1777 1502 1502 1338 1623 1785 1785 1688 1648 1648 1578 1578 1726 1726 1755 1755 1799 1799 1944 1594 1817 1743 1483 1351 1236 1656 1656 1614 1561 1615 1713 1713 1602 1446 1520 1381 1399 1355 1380 1382 1238 1393 1420 1498 1498 1119 994 1238 1394 1394 1164 1636 1582 1339 1339 1047 1518 1442 1035 1345 1203 1322 1457 1347 1156 1077 1106 1477 1416 1577 1400 1296 1296 1826 1523 1482 -9999
2094 2226 1700 1700 1750 1777 1388 1388 1424 1721 1841 1711 1688 1672 1672 1671 1671 1750 1750 1699 1765 1855 1738 1524 1594 1594 1480 1483 1351 1520 1236 1304 1389 1389 1362 1413 1413 1415 1328 1393 1311 1273 1355 1377 1419 1419 1346 1346 1073 1073 1051 924 1141 1141 1359 1115 1115 1482 1482 1003 1003 1116 1116 1032 1032 1145 1429 1297 1274 1032 1032 1235 1444 1287 1413 1400 1281 1296 1303 1482 1482 -9999
2028 1821 1700 1700 1536 1648 1388 1388 1424 1641 1841 1833 1695 1679 1722 1620 1730 1752 1764 1765 1815 1911 1831 1604 1740 1740 1594 1581 1520 1520 1238 1238 1369 1369 1362 1413 1413 1337 1293 1478 1478 1216 1216 1377 1419 1419 1292 1292 1306 977 1092 890 965 1404 1404 1032 1032 1201 1201 991 991 1447 1180 1216 1145 1145 1241 1142 1013 1013 1032 1192 1321 1193 1413 1228 1191 1228 1303 1597 1471 -9999
2079 1897 1695 1695 1583 1477 1279 1279 1500 1641 1916 1771 1682 1679 1722 1859 1859 1858 1858 2080 1815 1911 1883 1915 1769 1679 1623 1921 1735 1735 1218 1174 1265 1265 1311 1362 1237 1326 1188 1347 1347 1174 1174 1216 1162 1377 1270 1270 1114 1094 870 870 1214 1214 1144 976 976 1175 1175 1244 975 1180 1377 1134 981 1049 999 1001 1015 1015 1050 1063 1191 1609 1145 1228 1283 1453 1453 1652 2061 -9999
1841 1841 1695 1695 2106 1298 1306 1306 1837 1976 1916 1771 1776 1704 1743 1859 1836 1803 1803 1778 1653 1917 1783 1987 1606 1679 1445 1445 1907 1907 1249 1174 1265 1265 1319 1330 1237 1326 1155 1123 1123 1093 1131 1130 1130 1377 1270 1220 1220 1024 870 870 979 1007 1144 976 1060 1175 1175 1244 966 988 1167 1191 965 1049 999 1119 1316 1316 1213 1685 1191 1405 1259 1392 1550 1498 1575 1815 -9999 -9999
1624 1804 1873 1915 1596 1298 1318 1318 1801 2008 1868 1846 1787 1731 1768 1735 1636 1766 1766 1593 1593 1891 2000 1606 1482 1560 1445 1321 1484 1484 1163 1104 1409 1490 1260 1170 1170 1192 1139 1469 1123 1068 1068 1130 1377 1137 1290 1140 1007 1007 871 871 959 1010 1091 1091 994 1115 1308 1130 1071 965 969 969 1067 1159 1159 1234 1508 1791 1452 1452 1478 1478 1422 1508 1850 1880 1960 -9999 -9999 -9999
