EDHMvic/OtherData/ct_dem025.txt
ncols         702
nrows         425
xllcorner     90.55
yllcorner     25.05
cellsize      0.025
NODATA_value  -9999
[rows 180 to 215 of 425, columns 492 to 573 of 702]
3759 4832 3728 4433 3545 3360 4148 2820 2911 2940 2380 2332 2107 2050 1922 2374 2686 2286 2295 2653 2153 2153 2336 1984 1112 1313 1340 1733 1948 1948 1747 1144 1354 1310 1310 1066 928 974 860 860 954 954 750 644 664 599 595 597 569 584 566 546 541 523 523 510 504 512 505 505 498 503 496 516 562 541 524 483 558 493 485 472 461 462 454 472 468 460 445 449 449 425
3684 4098 4472 4433 3564 3564 3716 3364 3313 3380 4017 2332 2107 2050 1922 1756 1660 1660 2046 2126 2677 2996 2064 2206 1071 985 1190 1491 1596 1981 1454 1049 1000 1265 1300 810 810 805 879 860 958 720 643 644 644 595 582 568 555 545 539 529 527 513 510 504 497 494 492 491 496 492 508 508 519 541 661 635 665 446 487 464 450 461 461 452 467 467 436 431 431 443
3725 3911 4604 4958 3684 3622 3716 4184 4184 3433 3433 3359 3934 3242 2270 1756 1660 1598 1953 1734 2065 2065 2562 2335 958 958 1192 1237 1366 1202 1089 939 888 858 773 752 746 837 837 799 707 678 648 637 611 595 587 564 541 543 535 523 513 503 503 494 491 489 489 489 488 488 508 508 526 561 669 605 526 446 446 437 451 459 460 465 466 467 467 442 434 426
3537 3537 4796 4107 4107 3528 3528 3782 3528 3408 3519 2800 3073 2504 1902 1811 1811 1598 1953 1559 1708 1708 1190 1190 958 938 1198 1237 1237 1195 952 929 774 774 755 758 746 698 821 799 705 680 670 640 611 595 595 558 544 544 523 511 511 503 500 493 485 486 483 478 482 475 508 508 526 602 618 605 570 500 455 433 451 440 440 452 452 454 449 464 452 426
3459 4506 4746 3870 3644 3528 3129 3494 3284 2866 2866 2800 2800 1920 1920 2820 2820 2037 1502 1502 1435 1344 1190 1190 849 849 857 857 921 806 1016 1016 696 696 693 693 693 700 657 701 700 666 666 637 613 613 573 559 541 533 525 511 502 498 492 488 485 478 478 479 475 475 475 508 507 526 578 609 656 559 559 630 442 440 440 433 433 442 465 453 429 430
3353 3780 4746 3798 3422 3422 3318 3494 3047 2866 2501 2581 2469 1920 1920 2820 2820 2256 1961 1896 1885 2025 1998 1346 849 849 835 764 1200 751 806 691 686 681 660 693 652 700 657 669 669 648 640 640 605 597 567 558 541 525 525 512 497 492 492 482 481 477 478 472 472 472 466 511 491 503 533 608 524 535 546 440 442 430 440 415 433 442 445 423 437 427
3296 3594 3780 3798 3422 3172 3255 2779 2670 2477 2251 2122 2122 2152 2276 1950 1950 2205 2650 2776 1866 1806 1615 1039 824 809 788 776 762 724 724 696 691 671 671 648 648 674 674 658 646 654 613 609 593 571 571 550 530 524 519 500 497 492 486 478 475 469 469 467 461 466 463 496 491 520 516 609 629 667 434 430 438 429 443 415 410 436 429 423 407 406
3987 3594 3981 3790 3715 3715 4186 3243 2670 2315 2117 2236 2236 2611 2299 2717 2127 2295 2359 2312 1866 1505 1505 1039 824 809 882 1229 917 712 724 696 688 678 662 650 635 643 674 617 646 606 606 606 593 578 550 542 528 519 519 499 499 490 485 477 475 469 467 461 461 459 459 471 501 532 565 757 527 527 434 434 438 474 443 442 427 427 439 439 439 411
3886 3886 3854 3300 3300 3164 3164 2659 2382 2202 2153 2563 2750 2378 2002 1802 2141 1505 1242 1242 1318 1109 1513 907 907 1235 1452 1097 832 696 708 686 685 675 654 643 627 622 619 606 601 599 579 579 572 559 542 533 526 511 502 492 492 489 481 477 470 469 462 460 456 455 455 471 505 661 613 686 527 527 435 454 467 467 476 462 450 443 443 417 417 415
4158 4158 3754 3233 3044 3497 3164 2412 2382 2293 3519 2563 2750 2378 2002 1971 2141 1505 1242 1144 1278 1102 919 907 1455 1006 1219 1181 759 684 691 680 672 669 654 643 627 620 612 602 587 575 567 579 551 551 529 524 521 511 504 496 492 487 480 475 470 462 460 460 456 453 458 471 505 552 678 744 549 608 465 444 457 472 476 462 486 483 434 420 427 426
3831 4423 3754 3233 2824 2824 2615 2412 2412 2942 2792 2117 1885 1885 1842 1562 1562 1276 1157 1330 1520 996 935 1029 1022 917 903 1235 797 681 666 673 657 650 641 638 621 612 600 592 579 571 569 559 544 544 536 524 519 519 507 492 488 488 480 476 471 462 460 458 454 450 451 483 483 674 630 568 490 491 443 451 467 472 475 486 486 498 487 437 437 435
3962 4423 3517 3383 2715 2715 3025 3196 3503 3503 2418 2117 1797 1663 1492 1404 1404 1276 1226 1330 1066 996 992 1376 1071 883 896 722 688 669 651 650 657 650 638 624 613 613 595 584 576 571 562 556 544 539 535 524 517 517 507 492 490 488 482 479 469 469 461 455 453 450 447 461 459 507 569 559 490 490 467 451 467 471 475 488 486 494 500 437 437 435
3706 3877 4004 3140 2836 2836 2868 3889 2711 2179 2179 1765 1765 1663 1492 1404 1404 1540 1226 1226 1458 1458 1579 1397 1058 883 896 722 638 638 636 638 638 638 623 611 611 596 599 578 570 570 558 555 539 539 525 522 520 507 500 492 487 486 478 477 469 462 462 461 454 450 445 447 448 470 625 568 509 504 467 457 464 471 479 488 488 486 500 443 443 453
3706 3710 3393 3393 3243 3243 3319 3889 2581 2179 2179 2246 2405 1872 1860 2299 1696 1925 1544 1681 1189 1120 1471 1023 833 757 841 637 619 619 621 621 620 619 613 600 596 586 580 570 565 561 554 549 535 532 525 518 510 506 499 498 489 485 480 475 469 465 464 457 457 465 448 446 448 491 625 518 463 463 458 457 468 481 473 479 463 502 508 468 468 471
4067 3710 3393 3311 3340 3340 3664 3329 3143 2905 2905 3093 2133 1740 1533 1533 1409 1680 1286 1286 1189 933 1129 1023 833 757 841 619 613 619 621 606 608 603 595 593 592 586 580 570 561 550 551 541 535 535 519 516 511 506 499 498 486 485 478 472 469 469 463 474 457 465 450 447 436 533 650 493 459 461 458 457 462 468 459 459 481 456 508 501 501 471
3980 4238 3956 4333 4397 4160 3659 3049 2997 3083 3029 2481 2481 1740 1736 1533 1409 1174 1294 1272 1298 857 857 972 696 727 727 619 609 594 591 603 595 592 589 581 578 574 569 558 555 550 541 541 530 523 519 514 505 503 495 490 486 479 479 476 479 475 476 474 470 462 450 450 440 469 527 443 455 455 465 459 467 469 456 481 481 456 472 488 466 406
3917 3917 4730 4097 3658 3820 3469 3014 3118 3048 3374 2980 2346 1895 1736 1736 1410 1174 1174 1272 1541 857 778 723 723 663 626 611 611 594 591 582 588 579 574 571 578 571 561 558 550 544 533 533 524 522 515 515 510 501 497 486 497 494 485 482 479 484 465 468 468 458 503 491 641 453 453 443 452 455 455 459 467 462 481 474 470 477 479 493 401 421
2985 3142 4284 3862 2947 2947 3185 3400 3103 2436 2436 2608 2384 2193 2193 1592 1592 1879 1577 1661 1399 883 870 723 668 661 626 626 589 578 572 582 565 560 571 557 568 549 549 545 537 537 530 524 518 515 511 511 506 504 508 500 500 492 492 481 481 479 485 473 481 474 561 685 530 447 431 452 452 450 449 456 456 458 458 437 470 447 447 407 439 439
2976 3013 3450 3450 2588 2588 2592 2694 2694 2436 2259 2608 2384 1947 1947 1345 1345 1467 1467 1518 1005 1005 1138 1138 643 643 645 615 590 566 566 556 556 560 550 557 547 542 546 539 533 533 528 519 518 514 509 507 504 501 507 500 500 492 492 477 477 484 485 493 493 611 521 560 760 447 431 430 449 449 456 457 457 453 453 464 464 447 444 444 465 413
2248 2657 3445 3445 2355 2254 2254 2208 2208 1961 1711 1759 2396 2098 2098 1181 1179 1467 1329 1329 973 973 698 592 584 634 615 615 595 553 553 551 551 551 539 538 540 530 530 528 524 525 520 517 510 508 505 505 501 501 501 500 500 497 497 479 486 490 493 505 505 611 549 549 478 438 487 446 452 449 449 457 457 460 460 435 433 436 444 445 445 458
2248 2689 3452 2916 2747 2254 2129 2208 2208 1961 1711 1709 1709 1925 1455 1036 1036 1179 1033 1329 973 973 587 585 584 584 631 631 580 543 548 551 543 535 536 538 530 530 528 528 524 520 517 512 503 508 501 501 501 502 499 500 500 493 500 483 492 493 493 499 634 517 734 534 460 438 444 446 452 443 451 448 468 472 472 435 422 467 467 431 492 385
1850 3050 3164 2375 2210 2441 2129 2046 1717 1716 1716 1572 1276 1486 986 986 1002 1120 899 764 680 650 577 600 561 616 555 582 551 543 543 539 539 535 523 527 517 518 510 510 506 508 506 504 499 498 495 499 495 489 494 503 503 503 499 493 492 507 507 619 634 677 495 495 449 416 421 448 434 445 443 448 457 463 443 453 415 426 426 436 447 460
1850 2927 3471 1932 1932 1958 2632 2332 1717 1716 1716 1572 1190 1486 1104 881 881 952 899 764 680 610 577 610 561 578 541 541 543 543 529 526 524 521 516 513 513 512 510 507 502 508 499 499 495 494 490 490 489 489 492 498 508 505 502 502 496 506 507 619 677 677 495 495 420 413 445 448 440 445 441 464 459 460 460 413 416 426 426 451 477 460
1678 1767 2094 1716 1716 1958 2062 3095 1722 1722 1528 1446 1312 1113 1219 1279 872 813 841 649 660 577 589 578 578 564 524 524 526 521 527 518 518 516 509 507 507 499 502 499 499 493 497 498 490 492 488 489 484 485 483 515 507 505 505 508 503 503 542 546 546 545 514 467 440 413 441 441 435 435 462 462 461 460 467 424 434 426 426 430 430 459
2103 1767 1468 2144 1716 1799 1709 1541 1370 1393 1350 2075 1564 1270 950 875 901 801 695 649 603 577 619 619 537 529 524 517 513 512 513 510 507 506 502 502 499 499 486 486 486 486 494 494 488 482 480 480 476 479 483 498 498 501 505 512 514 523 542 491 491 520 492 467 444 440 407 460 439 446 446 452 437 423 423 409 409 416 416 473 496 439
2103 2103 1468 1508 1992 1665 1665 1541 1329 1393 1308 2075 2075 1270 950 875 853 801 808 606 668 582 562 557 537 529 516 517 513 512 510 508 502 498 495 495 488 485 483 485 486 483 483 504 501 479 478 476 476 476 494 489 501 509 505 514 514 569 782 489 489 455 438 446 444 434 407 460 468 455 439 447 437 423 423 406 406 437 446 432 496 446
1564 1346 1346 1508 1869 2565 1665 1421 1159 1159 1174 1501 2100 1237 1100 1159 938 938 584 622 594 611 561 561 538 530 516 514 507 500 496 494 494 489 490 486 485 483 480 480 480 479 532 508 503 503 472 469 473 473 495 510 501 494 501 505 662 609 705 484 460 442 442 438 435 434 433 402 452 435 435 442 418 412 415 416 405 404 448 469 469 431
1564 1319 1346 1747 1869 2565 2306 1421 1159 1159 1134 1171 1084 1631 1087 872 627 627 584 575 632 611 561 535 526 522 515 508 503 499 493 487 492 489 483 485 483 478 477 472 474 474 520 512 503 503 494 467 468 478 499 501 505 494 494 501 662 680 680 464 464 455 442 430 435 435 433 401 434 433 435 442 449 409 403 405 405 404 445 451 451 431
1631 1309 1828 2144 1779 2035 1900 1672 1672 1187 1602 1218 1081 1166 970 701 789 627 556 554 595 592 546 513 517 517 511 501 503 495 490 487 482 482 478 478 478 472 466 466 463 473 496 501 507 497 494 466 492 491 489 486 488 506 509 636 757 564 467 455 437 441 446 424 424 428 436 427 394 414 437 436 455 415 420 406 389 425 425 440 433 429
1181 1309 2144 2144 1878 1878 1453 1749 1749 1340 1260 1616 973 1183 961 808 768 563 556 556 545 559 551 514 517 509 506 501 497 490 487 482 482 478 478 470 467 464 462 460 460 460 525 501 507 478 494 459 492 492 478 481 506 506 509 518 645 512 451 443 432 431 431 424 424 425 425 393 393 436 437 439 444 420 420 399 399 440 464 421 451 427
2898 2898 1617 1572 1597 2064 1574 1308 1219 1043 1224 964 1159 798 630 588 563 554 555 524 550 524 506 506 510 495 490 490 484 481 479 477 477 472 472 470 466 462 457 457 459 481 482 491 460 454 486 475 484 462 473 498 500 516 516 718 718 465 465 432 430 425 431 414 425 425 392 383 382 441 430 430 461 420 407 399 402 385 385 426 405 402
1615 2151 1457 1244 1506 1256 1299 1308 923 1590 1318 902 1159 637 607 588 563 561 525 521 570 524 544 537 498 498 490 490 486 478 475 475 472 472 466 464 461 460 496 452 451 481 482 493 450 454 475 469 483 462 473 497 498 516 850 591 591 494 458 443 443 434 419 411 427 421 398 412 380 441 441 418 434 407 407 393 393 385 385 397 397 402
1670 1622 1476 1378 1276 1002 1002 1021 914 1413 1589 814 637 637 603 594 594 801 525 525 565 565 546 556 543 539 535 524 515 475 474 470 470 466 466 464 463 486 492 452 444 458 464 453 446 465 465 454 475 487 501 484 484 727 639 588 579 448 457 443 442 431 413 413 430 430 419 409 409 414 378 417 434 427 406 388 388 412 409 409 425 425
1308 1308 1366 1378 1276 988 1002 898 898 1310 893 675 637 625 740 653 597 545 545 532 565 565 562 556 548 550 541 531 524 507 495 469 469 466 466 465 498 483 469 446 443 469 468 447 443 459 447 470 475 487 487 475 475 582 517 497 477 448 437 433 442 417 432 432 430 430 420 420 382 382 381 381 420 421 406 406 388 384 407 428 426 448
1166 1109 1109 1118 1206 988 907 855 925 1027 942 675 755 660 798 700 577 609 545 571 580 580 569 563 563 557 508 538 486 517 473 469 468 465 491 496 489 508 508 446 440 440 438 438 441 447 444 448 454 490 467 485 480 609 488 465 463 463 432 432 436 417 430 434 433 430 420 417 419 417 411 378 373 373 407 373 387 396 405 405 426 455
1081 995 1112 1112 1059 1104 1275 816 1051 1027 791 684 604 601 615 571 571 605 603 603 581 581 596 586 570 562 552 552 537 477 470 470 467 465 491 496 468 490 496 441 437 436 436 437 473 463 448 467 469 482 490 491 614 476 479 477 473 463 452 449 440 431 439 434 444 437 438 420 425 422 411 372 373 373 397 387 387 396 406 405 412 412
