EDHMvic/OtherData/ct_dem025.txt
ncols         702
nrows         425
xllcorner     90.55
yllcorner     25.05
cellsize      0.025
NODATA_value  -9999
[rows 252 to 287 of 425, columns 328 to 409 of 702]
-9999 -9999 -9999 -9999 -9999 -9999 -9999 -9999 4192 4192 4239 2770 2441 2701 3858 3858 4543 3073 3003 3003 3098 3165 3141 3231 2984 3838 3838 4508 4416 3981 3280 3069 3241 3299 3842 3861 3836 3736 3736 3961 4210 4282 4282 4226 3297 3297 3923 4342 4412 4446 4352 4407 4406 4321 4386 4415 4452 4546 4604 4661 4727 4283 4213 4154 4218 4077 4133 4057 4057 4034 4186 4629 4423 4251 4319 4319 4103 4103 3346 3346 3607 3776
-9999 -9999 -9999 -9999 -9999 -9999 -9999 -9999 -9999 3899 4239 2692 2441 2494 3643 3858 3298 2739 2849 2845 3137 3089 3305 2938 3087 3981 4474 4444 4416 4416 3534 3069 3073 3299 4204 3861 3669 3736 3956 4109 4401 4282 4282 3843 3280 3280 3795 4440 4412 4565 4352 4319 4370 4370 4415 4415 4452 4421 4502 4576 4493 4497 4213 4218 4218 4042 4015 3961 4049 3941 3928 4638 4591 4332 4361 4573 4405 3659 3437 3437 3513 3607
-9999 -9999 -9999 -9999 -9999 -9999 -9999 -9999 3140 2854 2711 2528 2464 2464 3667 2488 2709 2739 2983 3620 3782 2979 2871 3086 3488 4020 4274 4444 4628 4080 3536 2993 2993 3758 4050 3595 4058 4051 4070 4356 4356 4613 3847 3653 3212 3212 3403 4095 4735 4581 4396 4254 4321 4321 4404 4340 4372 4411 4592 4515 4704 4497 4352 4292 4224 4318 4318 4174 4174 3928 3928 3944 4217 4634 4422 4487 4163 4163 3437 3335 3329 3536
-9999 -9999 -9999 -9999 -9999 -9999 -9999 -9999 3140 2854 2711 3876 2464 2464 2638 2470 2865 3205 4540 3620 3782 2979 2979 3395 3488 4190 4190 4258 4628 3503 3272 2979 3525 3525 3714 3595 4058 4058 4070 4101 4356 3806 3748 3653 3212 3200 3585 4095 4095 4649 4531 4254 4142 4142 4459 4430 4460 4411 4491 4699 4663 4601 4421 4263 4224 4318 4266 4174 4174 3803 4020 3944 4055 4609 4422 4487 4129 4213 3864 3378 3513 3513
-9999 -9999 -9999 -9999 -9999 -9999 -9999 -9999 3788 3532 3998 3876 3876 2358 2349 2531 3063 4269 4346 3857 3396 3043 3043 3336 4003 4093 4244 4329 4551 3400 3208 3208 3219 3219 3571 3571 3791 3791 4061 4101 4185 3905 4270 3680 3451 3489 3492 3712 4618 4556 4082 4356 4142 4142 4539 4539 4470 4452 4595 4595 4663 4496 4636 4268 4268 4604 4266 4184 4050 3820 3820 3826 4136 4450 4086 3804 3646 3646 3764 4116 3683 3668
-9999 -9999 -9999 -9999 -9999 -9999 -9999 -9999 4284 4447 4134 3259 2909 2653 2340 2676 3425 4731 3621 3857 3396 3314 3507 3976 4002 4057 3960 4244 3645 3544 3208 3208 3269 3553 3571 3571 3879 3879 4428 3927 4358 4480 3840 4488 4234 4138 3241 3241 3766 3973 4502 4055 4356 3970 4076 4515 4474 4566 4621 4662 4501 4489 4460 4304 4694 4617 4604 4360 4360 3820 3699 3810 3926 4100 3921 4057 3778 3778 3647 3647 3408 3370
-9999 -9999 -9999 -9999 -9999 -9999 -9999 -9999 4732 4447 3546 3190 2867 2704 2338 2846 3425 3045 3621 4572 3513 3624 3624 3976 3966 3958 3950 3963 3608 3544 3553 2936 3269 3658 3643 3497 3632 3879 3770 3997 4540 4069 3840 4488 4462 3084 3084 3241 4066 4529 4502 4502 4000 3945 3939 4211 4726 4566 4621 4686 4643 4645 4460 4512 4512 4604 4507 4360 4360 3891 3699 3670 3926 3921 3921 4133 3778 3768 3647 3647 3408 3370
-9999 -9999 -9999 -9999 -9999 -9999 -9999 -9999 -9999 3803 3539 3190 2691 2618 3021 2846 2829 3045 3416 4308 4080 3624 3624 4130 3959 3949 3942 3902 3608 3608 2913 2913 3307 3597 4092 3481 3994 3850 3850 4000 4254 4657 4473 4564 3880 3084 3084 3310 4388 4253 4327 4295 4000 3945 3919 4014 4362 4726 4347 4347 4531 4432 4394 4386 4341 4338 4507 4728 4347 4354 4158 3947 3412 3412 3651 4133 4159 4035 3990 3654 3654 3905
-9999 -9999 -9999 -9999 -9999 -9999 -9999 -9999 -9999 3621 3128 3083 2544 2544 2368 2413 3193 3525 3674 4598 4080 3989 4093 4130 3964 3927 3946 3937 3902 3902 2968 2968 3169 3465 3948 3723 3489 3614 3769 3872 4528 4627 4500 3906 3713 3135 3034 3634 3634 4253 4401 4347 4186 4040 3950 3950 4014 3987 3979 4161 4529 4474 4394 4427 4341 4264 4264 4506 4506 4354 4231 3508 3412 3412 3734 4153 4120 4159 3966 3966 4096 3821
-9999 -9999 -9999 -9999 -9999 -9999 -9999 -9999 -9999 3863 2983 3220 2544 2544 2294 2627 3117 3725 4135 4598 4598 4178 3895 3733 3710 3710 3710 3937 4010 3402 3030 2882 3239 3461 3948 3465 3469 4052 3747 4095 4349 4654 4090 3675 3675 3066 3742 3634 3634 3996 4246 4246 4310 4310 4357 4362 3867 3841 3796 3796 4012 4490 4474 4473 4473 4378 4378 4358 4420 4508 3943 3895 3344 3554 3343 3957 3995 4187 4068 4096 4096 4412
-9999 -9999 -9999 -9999 -9999 -9999 -9999 -9999 -9999 3863 3889 3220 3091 2776 2353 3530 3003 3559 3937 4499 4499 4397 3895 3548 3361 3710 3710 3628 3281 2877 2846 3151 3239 3772 3557 3465 3519 3890 4604 4095 4006 4208 4185 3514 3932 3245 3245 3854 3996 3996 4246 4246 4397 4397 4357 4086 4054 3841 3784 3898 3807 4490 3989 4657 4481 4057 4057 4226 4226 3926 3926 3926 3384 3554 3543 3694 3626 4187 4068 4084 4461 4054
-9999 -9999 -9999 -9999 -9999 -9999 -9999 -9999 -9999 4250 4151 3313 2924 2562 2305 2548 3800 3558 3516 3888 3983 4221 3820 3855 3361 3253 3556 2956 2845 2877 3096 3096 3151 3390 3557 3408 3408 4233 3978 4192 4208 4208 3954 3306 3210 2989 3245 3379 3607 3892 4442 4442 4767 4397 4351 4064 4010 3962 3834 4056 3765 3724 3722 3748 3821 3809 4424 4383 3916 3789 3926 3677 3453 3504 3543 3543 3626 3696 4174 4174 4315 3971
-9999 -9999 -9999 -9999 -9999 -9999 -9999 -9999 -9999 -9999 3611 3299 2924 2719 2305 3404 3800 3751 3751 3888 3936 4060 4060 3855 3855 3181 2850 2850 2845 3857 3096 3096 3161 3390 3747 3605 3797 3442 3978 4479 4133 4165 4132 4041 3210 3377 2944 3379 3444 3754 4209 4689 4767 4344 4146 4064 3967 3907 4059 4056 3800 3724 3720 3711 3711 3784 3784 3661 3628 3540 3540 3671 3591 3504 3443 3685 3326 3355 3680 4005 4315 3971
-9999 -9999 -9999 -9999 -9999 -9999 -9999 -9999 -9999 -9999 3807 3449 3219 2540 2500 2741 2868 3520 3965 4225 3606 3606 4060 3311 3198 3181 2737 2737 3695 3837 3397 3397 3411 3652 3614 3931 3797 3797 3382 3584 3584 3691 3679 3591 4041 3356 2944 3623 3468 3521 4064 4689 4485 4393 4316 4334 3994 4165 4059 3803 3760 3770 3773 3711 3984 3771 3719 3642 3661 3723 3577 4359 3591 3591 3182 3182 3326 3718 4022 3984 4711 3899
-9999 -9999 -9999 -9999 -9999 -9999 -9999 -9999 -9999 -9999 4185 3870 3457 3457 2500 2317 2868 3520 3965 4201 4013 3606 3433 3095 3095 3211 3146 3384 3695 3776 3724 3724 4079 4079 3599 3772 4049 3551 3378 3432 3432 3990 3679 3591 3101 2957 3324 3596 3989 3964 4064 4090 4485 4485 4856 4856 4450 4165 3856 3803 3833 3760 3768 4343 4343 3906 3906 4218 4218 4054 3754 4359 3907 3795 3182 3140 3140 3321 3800 3800 4592 4592
-9999 -9999 -9999 -9999 -9999 -9999 -9999 -9999 -9999 -9999 -9999 3484 3457 3457 2365 2365 3127 3859 3981 4710 4201 3335 3117 3084 3095 2714 3010 3163 3563 3650 3699 3699 3689 3660 3522 3817 3489 3462 3412 3217 3300 3344 3990 3660 2940 3195 3324 4207 4127 4660 3989 4049 4569 4569 4448 4542 4438 4280 3856 3828 3811 3871 4354 4325 4343 4417 4313 4218 4218 4834 4762 4539 4266 3966 3966 3427 3054 3364 3677 3381 4261 4261
-9999 -9999 -9999 -9999 -9999 -9999 -9999 -9999 -9999 -9999 -9999 3047 2616 2616 2416 2416 2775 3211 3275 3907 4130 3341 3019 3019 3416 3102 3010 2953 3385 3387 3699 3699 3717 3717 3446 3464 3387 3411 3411 4004 3300 2783 3189 3008 3200 3969 4614 4207 4207 4046 4374 4377 4527 4506 4649 4542 4291 4291 4001 3933 3871 3949 4354 4266 4522 4458 4432 4432 4355 4431 4571 4696 4368 4573 4138 3427 3335 3335 3255 3359 3844 3507
-9999 -9999 -9999 -9999 -9999 -9999 -9999 -9999 -9999 -9999 -9999 3383 3301 3252 2280 2280 3067 3211 3275 3960 4182 3723 3186 3498 3416 3198 2689 2953 3796 3365 3562 3974 4007 3214 3214 3280 3280 3311 4198 4004 4004 2774 3189 3189 3442 4613 4613 4811 4317 4257 4374 4428 4527 4613 4660 4450 4288 4288 4537 4342 4558 3998 3998 4167 4200 4474 4434 4406 4451 4431 4431 4696 4171 4573 3913 3588 3597 3488 2882 3341 3735 3507
-9999 -9999 -9999 -9999 -9999 -9999 -9999 -9999 -9999 -9999 -9999 4006 3239 2809 2279 2279 2985 3438 4002 4034 3800 3387 3227 3073 3498 2655 2715 3120 3216 3126 3416 3974 3248 3214 3214 3328 3328 4183 4120 4043 3859 2784 2784 2891 3868 4552 4552 4471 4395 4334 4459 4587 4590 4771 4401 4401 4143 4143 4384 4754 4404 4116 3967 3921 3882 3882 4319 4226 4451 4203 4203 3781 4134 3434 3608 3588 2906 2906 3025 3554 3598 3717
-9999 -9999 -9999 -9999 -9999 -9999 -9999 -9999 -9999 -9999 -9999 3832 2866 2480 2279 2279 3080 3522 3999 3689 3856 3064 3064 2701 2680 3781 3149 3710 4143 3709 3113 3397 4099 4099 3744 3348 3805 4183 4183 4164 3799 3100 2719 3369 3369 4199 4642 4513 4482 4416 4459 4587 4590 4465 4311 4391 4115 4076 4727 4540 4624 4160 3905 4018 3697 3697 3760 4226 3781 3781 3644 3552 3352 3788 3473 3608 2860 2860 3184 3184 3702 3671
-9999 -9999 -9999 -9999 -9999 -9999 -9999 -9999 -9999 4829 4026 3395 3143 3089 2480 2530 3167 4607 4607 3734 3036 3332 2646 2700 2700 3726 3907 4175 3823 3113 3113 3715 3806 3872 4307 3780 3622 3639 4475 4619 3799 3032 3252 2805 3369 3255 3719 4134 4410 4568 4703 4791 4602 4442 4311 4186 4212 4174 4174 4727 4239 4404 3945 3718 3537 3537 3760 3421 3471 3303 3358 3508 3194 3194 3143 2843 2794 2794 3375 3666 4333 4139
-9999 -9999 -9999 -9999 -9999 -9999 -9999 -9999 -9999 4353 4026 3992 3143 3327 2265 2917 3395 4075 3561 3734 3036 2551 2646 2707 2707 3463 4394 4175 3063 3063 3388 3705 3806 3872 4176 3780 3971 3971 4245 3726 3184 3444 3252 2805 2813 3499 3499 3710 4323 4502 4703 4780 4560 4474 4276 4142 4462 4386 4174 4060 4230 4322 4196 3745 3745 3537 3421 3765 3471 3110 2995 3390 3194 3194 2763 2763 2794 2794 3310 3654 4067 4136
-9999 -9999 -9999 -9999 -9999 -9999 -9999 -9999 -9999 4048 4048 3992 3349 2538 2574 4327 3644 3613 3930 4200 2749 3009 2795 3045 4280 3923 3995 3112 3064 3064 3664 4325 4394 4160 4176 3976 3726 3820 4073 3465 3131 3424 2633 3213 3213 3302 3471 4023 3962 4555 4301 4479 4735 4474 4276 4257 4045 4665 4557 3894 4162 4322 4196 4203 3745 3976 3643 3610 3203 3103 2995 3040 2717 2717 2770 3080 3315 2964 3303 3654 3654 4010
-9999 -9999 -9999 -9999 -9999 -9999 -9999 -9999 -9999 3831 4048 3335 2975 2574 2194 2679 3189 3438 3930 3101 2749 2559 2709 3796 4280 3634 3995 3027 3027 3505 4579 4325 4394 4394 4062 3680 3139 3124 3652 3872 3064 3064 2605 2605 2785 3233 3471 4538 3962 4131 4638 4689 4735 4362 4668 4257 4045 4012 3865 3865 4125 4205 4520 4203 4143 4540 3643 3610 3339 3269 3344 3040 2717 3401 2998 3269 3496 3420 3303 3679 3888 3991
-9999 -9999 -9999 -9999 -9999 -9999 -9999 -9999 -9999 3871 3565 3565 2975 2549 2194 2671 3189 3189 3713 3354 2873 2666 3706 4514 4392 2839 2805 3198 3254 3689 4203 4203 4519 4519 4254 3654 3139 2955 2955 3872 2569 2569 2577 2605 2869 3733 3733 4538 4498 4625 4458 4373 4362 4198 4668 4668 3975 4545 3854 3854 3874 4203 4462 4543 4640 4294 3997 3566 3566 3642 3642 3499 2939 2684 3859 3859 4046 3420 3420 4106 4072 4162
-9999 -9999 -9999 -9999 -9999 -9999 -9999 -9999 -9999 4245 3948 3902 3538 2808 2483 2483 2491 3746 3746 3248 2654 2654 3067 4565 3086 2752 2777 2996 3519 4217 4203 4203 4315 4364 4266 3654 3476 3734 2955 4029 2539 2569 2577 2980 2980 3114 3733 4132 4870 4623 4427 4269 4310 4198 4452 4229 3975 3871 3854 3798 4132 4203 4664 4664 4570 4484 4211 3877 4292 3798 3657 3467 2687 2684 2950 3995 4046 4046 3714 4120 4252 4252
-9999 -9999 -9999 -9999 -9999 -9999 -9999 -9999 -9999 4436 4436 3810 3438 3013 3313 2185 2711 3068 3220 3371 3104 2811 3067 2709 2575 2540 2684 2996 3968 3968 3832 4256 4351 4484 4116 3762 3712 3712 2672 2610 3681 3176 3073 3389 3861 3114 3181 4181 4289 4461 4493 4791 4310 4094 3992 3936 3936 4263 4263 4003 3856 4347 4385 4619 4619 4534 4349 4574 4574 3878 3574 2829 2632 2687 3791 3560 3808 4074 4398 4192 4054 4172
-9999 -9999 -9999 -9999 -9999 -9999 -9999 -9999 -9999 4450 3974 3665 3968 3438 2337 2150 2303 2882 3952 3723 3371 2437 2594 2486 2486 2575 4132 4637 4110 4394 4043 4043 4009 4009 4424 3890 3890 2581 2539 2678 3149 3220 4002 3389 3389 4115 3704 3980 4219 4379 4754 4754 4405 4680 4167 3803 3749 3973 3784 3784 3536 4162 4555 4559 4432 4637 4552 4689 3840 3130 3130 2731 2743 4240 3767 3791 4102 4102 4153 4192 4678 4362
-9999 -9999 -9999 -9999 -9999 -9999 -9999 -9999 4700 4451 4280 3665 3351 3484 2547 2150 2303 3595 3595 3723 2377 2377 2530 2458 2486 3878 3575 4637 4056 4098 4455 3745 3745 3863 4424 4558 2814 2470 2470 2678 3212 3456 3456 3692 3908 4299 3980 4289 4289 4546 4817 4893 4543 4589 4685 3887 3749 3951 4219 3496 3498 3905 4204 4291 4655 4655 4644 3911 3454 2975 2873 2586 3721 3721 3767 3979 3736 3736 3907 3993 4434 4288
-9999 -9999 -9999 -9999 -9999 -9999 -9999 -9999 4682 4476 4545 3483 4318 3137 2706 2162 2170 3595 3595 3513 2459 2434 2435 2510 3558 3417 3878 3615 4210 3948 3948 3578 3578 3755 3878 3849 2925 2461 2470 3277 3277 3980 3727 3782 4309 4246 4088 4828 4828 4546 4456 4663 4404 4322 4293 4681 4318 3951 3896 3498 3361 3366 3593 3918 3918 4655 3628 3424 3364 2558 2558 2986 3721 3721 3098 3715 3784 3784 4313 4471 4434 4434
-9999 -9999 -9999 -9999 -9999 -9999 -9999 -9999 -9999 4449 4024 3798 3136 3049 2706 3139 2170 2181 2457 3501 2607 2323 2323 3017 3017 3417 3327 3615 4042 3948 3935 3935 3468 2943 3464 3535 2734 2455 2785 3277 3277 3980 3814 3890 4309 4396 4215 4310 4828 4496 4295 4202 4404 4587 3789 3789 4400 3647 3685 3998 3237 3237 3575 3918 3918 3554 3999 3148 2652 2558 2558 2986 3858 2763 3098 3715 3437 3437 4462 4462 4528 4065
-9999 -9999 -9999 -9999 -9999 -9999 -9999 -9999 4985 4550 4223 3687 3281 3281 3410 3139 2117 2117 2530 3541 2589 3169 3169 3591 3273 3665 3665 4452 4257 4033 4190 3935 2685 2685 3156 3129 2444 3225 2952 4032 3700 4002 3890 3890 4165 4529 4296 4556 4333 4236 4034 3897 3846 4065 3693 3789 3638 3504 3504 3751 3237 3362 3345 3002 3002 2973 2952 2705 2652 4094 3721 3170 2559 2597 3102 3102 3402 3924 3905 4462 4181 4427
-9999 -9999 -9999 -9999 -9999 -9999 -9999 -9999 4985 5024 4768 3780 4356 4356 3918 2695 2117 2117 3085 2689 2391 2331 3169 4064 3720 4055 4055 4051 4451 4033 4190 3582 2685 3256 2606 2580 3130 2571 2952 3188 3244 3853 3661 3910 3963 3857 4509 4321 4490 4572 4171 4708 4440 3862 3693 4590 3560 3560 3460 4323 3658 3362 3362 3002 2976 2900 2900 2705 3381 3381 3721 2872 2559 2484 2759 2906 3311 3311 3905 3573 4200 3941
-9999 -9999 -9999 -9999 -9999 -9999 -9999 -9999 4992 4451 4243 4631 3914 4356 3271 2613 2154 2234 2895 2251 2391 2391 2537 3473 3783 3779 3779 4374 4181 3579 3181 3216 2535 2456 2456 3111 2612 3130 2687 3001 3419 3639 3618 3760 3852 3740 3912 4128 4344 4257 4384 4308 4345 4440 4326 4070 3364 3364 3338 3325 3325 3149 3746 3024 2976 2976 3310 4342 3486 3763 3662 3985 2476 2476 2759 3841 3311 3311 3335 3571 4380 3458
-9999 -9999 -9999 -9999 -9999 -9999 -9999 -9999 4713 4410 4410 4489 3554 3554 3623 2781 2234 2194 3399 2251 2251 2893 3251 3528 3783 3779 4036 4374 3904 3579 3181 3227 2535 2535 2824 3111 2940 3541 3001 3001 3419 3546 3546 3467 3852 3741 4701 4701 4132 4244 4691 4308 4086 4086 4326 4070 3343 3343 4314 3325 3352 3517 3746 3182 3182 3339 3832 4342 3785 3661 4070 3985 2361 2361 4042 3841 3700 3376 3759 3807 4458 3458
-9999 -9999 -9999 -9999 -9999 -9999 -9999 -9999 4713 4819 4410 4197 3329 2909 2884 2934 2386 2087 3399 2331 2331 3198 3698 3225 3320 4190 4052 3788 3451 3448 3580 3737 4294 3892 2824 2824 3304 3304 3635 3467 3812 3700 3546 3499 4015 4176 4257 4133 3959 4322 4277 3972 3808 3811 4212 4184 3555 4185 3426 4314 3875 3987 3987 3473 3473 4110 3832 3832 4236 3509 3509 3792 2436 2439 2878 4042 3712 3674 3988 4019 3983 3698
