EDHMvic/OtherData/ct_dem025.txt
ncols         702
nrows         425
xllcorner     90.55
yllcorner     25.05
cellsize      0.025
NODATA_value  -9999
[rows 252 to 287 of 425, columns 574 to 655 of 702]
301 318 292 292 275 275 344 348 367 359 362 362 370 376 376 368 374 383 381 386 386 323 317 310 310 310 330 330 326 392 368 368 341 316 316 590 304 323 323 315 313 319 389 331 290 298 281 277 262 265 267 275 268 269 307 301 301 274 220 173 173 169 169 326 204 230 304 291 277 281 305 -9999 -9999 -9999 -9999 -9999 -9999 -9999 -9999 -9999 -9999 -9999
301 305 299 296 295 326 345 348 356 352 361 358 370 334 330 330 326 326 390 350 320 323 317 310 310 314 330 326 333 368 341 341 341 324 359 341 304 323 310 315 313 313 350 338 290 285 267 267 270 262 247 285 475 260 264 336 299 294 231 172 173 198 202 205 191 304 304 285 293 284 407 407 568 -9999 -9999 -9999 -9999 -9999 -9999 -9999 -9999 -9999
295 314 289 316 273 321 331 329 347 356 356 335 355 329 335 336 327 321 321 314 320 310 303 314 312 312 329 353 353 359 343 343 567 370 375 375 321 316 310 305 303 303 320 317 305 431 262 259 262 262 301 477 260 204 264 330 270 224 226 206 215 240 201 223 223 364 364 239 410 410 407 407 411 551 -9999 -9999 -9999 -9999 -9999 -9999 -9999 -9999
302 318 312 312 285 309 340 340 345 339 339 325 323 321 335 320 320 321 302 320 320 304 303 303 301 312 324 380 399 375 529 425 375 345 339 331 342 310 377 300 303 282 307 317 305 467 251 247 258 258 481 245 245 177 175 175 270 245 172 172 204 217 217 193 224 364 278 252 280 338 414 431 411 551 -9999 -9999 -9999 -9999 -9999 -9999 -9999 -9999
283 314 322 316 292 285 338 326 339 339 327 327 326 321 321 322 295 291 304 304 304 304 298 303 301 528 357 363 362 362 393 389 419 402 335 335 331 377 377 304 291 282 265 310 311 284 252 266 210 491 491 236 263 177 183 170 258 235 235 172 279 230 203 239 239 238 278 237 451 338 679 714 714 -9999 -9999 -9999 -9999 -9999 -9999 -9999 -9999 -9999
275 275 295 295 291 326 317 326 338 332 332 335 326 330 318 419 305 305 291 299 293 301 300 308 304 304 345 363 373 373 382 393 378 370 359 327 517 615 313 305 295 265 265 308 267 288 310 310 210 185 178 178 207 346 175 203 218 199 199 248 336 348 348 416 274 297 316 433 436 292 451 539 773 875 -9999 -9999 -9999 -9999 -9999 -9999 -9999 -9999
275 275 283 279 279 296 317 299 338 338 335 335 335 328 324 316 304 304 291 299 293 301 301 290 304 304 363 356 373 373 372 372 379 373 387 327 316 307 330 305 282 265 265 403 403 307 338 278 212 212 178 178 207 318 291 289 208 198 195 336 336 217 238 257 316 309 433 378 462 462 412 570 773 532 499 449 -9999 -9999 -9999 -9999 -9999 -9999
277 287 284 284 292 287 328 307 342 338 338 345 348 328 328 316 304 304 291 288 293 300 292 292 286 380 375 375 363 363 372 371 375 376 378 343 347 325 302 283 274 262 276 272 323 328 455 265 238 181 181 211 256 395 202 202 201 201 425 358 289 289 263 353 353 351 450 378 462 462 570 570 709 522 398 398 497 652 -9999 -9999 -9999 -9999
305 277 310 284 290 308 328 328 324 338 338 327 315 320 319 335 312 320 290 288 273 286 277 281 286 362 337 337 365 366 366 371 385 385 433 343 343 294 302 282 283 252 474 268 272 463 388 207 188 210 210 266 253 288 202 212 207 201 425 202 284 289 243 236 293 280 464 434 479 381 471 716 571 571 375 375 497 652 -9999 -9999 -9999 -9999
286 277 294 271 308 302 302 296 285 285 294 304 303 313 316 324 324 294 294 280 280 295 311 329 375 338 341 341 362 372 372 375 372 376 364 343 354 295 344 282 248 248 256 340 255 255 232 207 212 260 260 338 317 262 254 271 207 420 198 198 284 263 253 279 279 293 361 570 413 325 336 568 712 438 373 407 438 536 -9999 -9999 -9999 -9999
312 285 267 292 264 302 291 265 285 285 331 349 303 317 329 328 324 303 270 284 269 340 339 352 375 343 339 339 350 384 372 372 364 389 355 314 332 309 314 244 283 248 272 340 191 187 232 384 220 181 246 287 310 262 246 226 211 234 197 195 328 197 210 279 228 293 302 330 341 312 312 351 722 438 635 410 438 434 620 749 -9999 644
312 306 282 292 280 254 254 445 323 303 300 298 290 308 309 328 324 270 270 297 327 338 338 324 345 329 333 337 364 386 339 321 321 325 316 316 258 249 296 244 244 318 298 185 185 186 197 190 182 254 296 286 289 269 313 226 217 217 295 230 195 197 268 209 211 275 275 748 253 253 305 305 458 458 635 433 398 405 749 749 656 481
287 310 293 293 279 254 254 300 303 303 303 284 350 282 326 326 274 278 278 297 315 338 338 324 345 329 333 348 349 402 365 321 321 294 294 291 258 249 296 225 234 193 193 237 185 239 260 190 182 251 296 286 387 319 313 293 217 217 328 451 335 335 550 210 210 275 275 786 253 319 457 259 292 477 330 373 398 383 713 678 715 715
310 310 346 439 268 268 303 303 296 283 268 320 310 282 326 311 297 266 263 313 313 332 332 321 345 331 359 359 333 340 317 319 313 272 274 253 251 205 205 234 234 246 236 213 230 280 260 260 211 227 295 295 406 400 292 261 223 226 413 640 372 550 550 256 222 316 244 235 250 243 233 263 260 292 330 351 351 510 725 649 553 613
455 310 298 298 268 268 310 284 293 283 281 243 266 266 266 311 311 252 262 280 341 334 334 321 331 331 341 359 358 340 353 353 313 333 274 253 275 275 289 340 361 248 248 259 278 272 245 294 236 259 256 313 555 304 261 261 227 509 509 640 415 643 729 243 243 288 228 235 250 271 233 251 261 396 419 389 361 439 334 620 620 380
281 281 298 298 296 315 296 296 329 284 290 265 245 266 266 281 268 250 262 266 299 321 318 322 323 331 380 261 358 383 346 341 302 302 310 274 294 202 202 255 369 369 264 259 259 223 245 460 262 467 259 255 264 318 278 294 227 278 233 576 670 670 279 279 243 239 252 252 407 479 270 241 241 552 540 564 699 347 283 349 640 329
402 334 334 335 312 351 334 334 274 274 259 259 288 243 244 268 266 250 239 283 308 319 319 318 332 222 217 224 222 360 325 325 298 321 325 285 192 193 196 240 307 342 264 264 256 273 223 565 530 336 280 264 264 419 385 305 268 294 294 267 522 267 586 493 445 236 395 954 406 388 369 247 265 598 405 624 263 347 382 317 317 316
402 318 325 335 351 351 317 317 274 274 315 314 294 285 285 257 266 270 239 290 283 282 322 305 318 222 217 224 217 214 334 331 345 321 325 285 192 193 196 284 307 342 344 333 278 230 305 757 530 393 354 272 1006 1006 410 305 387 251 251 264 456 444 458 554 551 275 275 954 351 428 365 365 265 264 264 272 388 263 480 302 302 317
317 317 314 314 328 331 319 302 288 288 308 314 313 294 289 274 274 332 332 254 234 222 220 299 318 220 220 261 303 220 300 293 301 206 209 209 258 317 192 192 367 325 344 311 332 267 342 342 307 303 402 402 380 443 486 333 333 259 236 271 500 518 472 689 927 607 607 536 303 289 365 365 351 303 276 272 581 581 398 545 551 551
317 312 314 314 305 305 313 319 319 295 308 328 305 294 330 280 280 323 271 234 234 263 221 246 246 263 217 243 243 220 300 293 242 206 290 210 275 339 316 197 320 257 258 341 319 247 342 342 307 410 323 323 858 539 486 333 333 259 236 311 559 472 472 735 735 858 1015 536 327 295 259 259 287 407 318 318 416 507 398 545 401 433
424 301 273 273 305 305 287 324 299 312 312 309 297 305 322 289 321 291 231 255 249 301 285 223 273 260 260 292 212 217 290 271 211 286 286 202 283 318 316 197 197 257 259 385 324 263 263 433 410 410 298 298 478 513 1044 563 263 263 259 328 484 559 559 801 789 889 701 577 504 454 277 316 428 291 499 696 579 579 614 771 771 544
302 301 287 269 288 291 291 302 307 312 312 309 297 322 322 328 328 219 231 255 255 301 301 254 257 314 303 367 367 296 274 271 274 283 253 202 283 318 317 244 244 258 329 343 474 263 263 291 605 605 347 317 478 513 550 400 263 263 251 288 473 562 562 667 933 889 701 577 577 515 428 341 428 370 499 497 579 579 842 771 771 1106
286 304 287 287 250 255 281 337 318 311 288 293 261 325 297 283 318 297 229 257 287 320 333 350 350 359 321 403 387 308 364 350 262 389 268 217 277 197 330 208 244 322 469 343 419 247 247 291 665 665 405 313 800 800 506 286 273 299 251 267 382 699 699 675 1155 828 813 827 495 323 294 314 507 646 502 502 522 577 582 1138 1103 827
252 250 321 321 305 265 304 328 318 299 293 287 302 325 302 287 311 269 223 257 343 333 331 350 350 359 371 307 285 347 342 342 240 268 220 220 217 227 325 267 267 410 469 371 799 264 252 280 552 645 512 399 399 565 973 299 299 299 329 270 261 699 699 675 776 828 720 545 356 323 294 355 646 646 520 538 564 666 833 1037 775 775
255 441 293 293 248 240 342 358 320 278 277 277 234 302 302 233 288 271 223 262 279 346 333 312 312 318 379 324 276 276 342 342 330 330 256 222 246 260 260 260 266 458 458 632 799 510 352 266 327 440 450 696 492 492 904 665 657 764 1090 261 383 304 589 786 776 828 1002 861 641 484 318 306 306 334 334 359 354 354 833 781 775 629
429 441 282 282 312 240 240 251 316 316 277 277 281 234 269 233 288 283 283 250 247 259 346 312 326 318 431 324 276 268 252 279 244 227 256 222 259 260 260 240 240 331 384 530 608 397 352 351 351 444 450 889 545 699 757 794 1080 926 1039 463 304 304 389 784 824 897 1002 731 416 416 454 520 306 334 663 359 354 354 878 781 406 629
467 312 326 313 267 280 281 238 316 238 317 480 453 310 313 449 307 369 254 245 245 275 324 313 313 309 615 615 272 268 278 247 268 295 275 375 375 253 267 277 262 263 269 248 630 630 801 801 526 669 683 683 545 545 679 1080 1080 1096 1013 554 659 389 389 580 868 1136 923 921 888 535 461 592 455 353 530 362 536 743 878 878 406 592
348 304 313 313 276 415 360 360 376 270 464 464 431 431 469 457 457 284 254 254 424 283 283 283 380 309 471 471 293 289 320 320 262 230 275 275 266 287 332 262 262 263 278 248 260 398 621 543 975 771 631 631 1069 968 679 808 790 852 1004 659 659 892 892 580 622 957 908 921 887 615 544 544 353 353 496 496 356 395 800 408 498 530
297 263 270 270 261 416 429 318 365 365 455 428 431 410 469 469 484 264 254 452 435 465 293 300 315 479 471 471 513 513 334 334 283 230 275 266 266 430 288 369 282 312 528 350 276 434 536 719 719 713 631 631 740 927 739 750 1178 933 1004 1104 834 665 661 583 622 896 914 1008 832 582 447 385 587 482 517 399 356 395 424 408 409 477
297 263 408 457 333 333 319 321 325 340 542 409 410 461 461 292 281 347 347 444 447 308 297 534 406 492 442 442 403 403 267 239 222 605 378 351 462 624 547 547 806 632 360 360 388 271 300 456 798 713 989 860 688 701 750 750 781 942 942 1227 1015 898 898 776 776 911 1254 1254 762 558 447 447 532 433 449 449 762 784 512 409 409 477
271 281 346 327 333 331 317 317 344 340 343 343 349 343 314 292 264 253 294 476 511 308 308 534 439 678 442 426 372 294 324 256 222 222 351 351 365 507 643 902 814 663 576 649 958 273 300 358 926 768 768 864 701 701 859 781 781 940 942 1217 1020 1020 1199 853 853 1097 1097 1253 734 617 761 518 500 433 433 563 731 621 442 445 511 655
280 279 300 351 360 311 311 336 330 325 343 343 349 332 332 343 264 281 282 276 305 304 307 438 439 743 426 426 372 294 243 243 251 251 327 558 546 634 643 932 944 700 638 888 1052 401 435 565 1174 848 1156 922 1258 869 1048 868 868 1029 1030 1198 1198 1355 1266 1266 1126 1052 1052 1332 1330 642 642 518 518 590 703 731 731 968 449 772 511 1166
279 279 300 387 360 343 319 319 333 333 344 344 345 328 328 343 302 289 282 363 285 304 307 390 428 428 350 350 286 255 228 244 300 312 365 316 316 522 463 462 944 522 733 1052 1052 632 285 285 449 629 1219 1219 900 932 905 908 1235 1029 1374 1263 1263 1220 1208 1196 1138 1042 1168 1168 904 760 876 679 626 750 750 823 786 786 438 449 700 1085
310 295 350 325 325 333 333 319 319 401 443 443 457 328 312 312 296 274 271 304 375 388 388 405 409 293 287 327 294 294 243 237 237 237 295 299 299 357 408 367 388 509 692 1327 1327 589 1003 315 318 550 444 720 900 861 981 1320 957 1381 1381 1149 1121 1417 1417 1472 1018 1037 1026 1129 1047 1123 672 671 664 664 778 967 786 786 420 589 850 1297
320 313 313 325 332 333 475 431 342 378 546 454 452 429 427 347 272 375 281 304 375 656 341 367 409 293 287 327 282 267 243 243 237 283 295 299 299 357 408 363 363 434 434 507 794 589 338 338 320 550 328 377 895 895 1187 1065 1255 1166 1299 953 1121 1133 1417 1018 1032 1037 1026 1145 1025 1025 672 672 692 692 778 967 449 453 440 808 954 1222
475 274 319 569 381 499 354 336 377 377 376 454 447 447 419 398 398 409 409 532 465 656 448 426 426 419 392 404 321 288 289 511 511 265 702 752 488 281 281 342 290 290 300 794 794 645 781 781 756 745 377 1195 738 738 912 968 1201 1160 1133 912 912 995 994 991 991 1061 1190 978 932 932 880 965 1011 1259 1119 856 449 778 810 954 954 1097
