EDHMvic/OtherData/ct_soil025.txt
ncols         701
nrows         425
xllcorner     90.555
yllcorner     25.055
cellsize      0.025
NODATA_value  -9999
[rows 238 to 271 of 425, columns 462 to 538 of 701]
11909 11909 11879 11875 11879 11001 11001 11001 11375 11375 11377 11000 11000 11879 11909 11864 11842 11842 11864 11864 11864 11909 11864 11842 11842 11376 11842 11375 11375 11605 11842 11842 11864 11864 11376 11376 11842 11842 11842 11842 11375 11375 11375 11604 11375 11375 11375 11377 11375 11375 11375 11842 11375 11377 11377 11375 11375 11645 11341 11649 11668 11848 11848 11627 11627 11343 11645 11645 11375 11604 11604 11839 11375 11604 11377 11377 11604
11909 11001 11879 11875 11875 11000 11001 11000 11377 11375 11377 11368 11879 11879 11879 11000 11909 11864 11864 11864 11909 11000 11000 11864 11842 11376 11842 11842 11375 11375 11842 11842 11909 11864 11376 11376 11604 11842 11842 11842 11842 11375 11375 11377 11377 11375 11375 11375 11842 11842 11842 11842 11375 11377 11375 11375 11645 11839 11645 11341 11649 11848 11848 11627 11627 11343 11645 11645 11375 11604 11839 11375 11604 11377 11377 11377 11376
11879 11909 11879 11875 11864 11000 11001 11000 11879 11377 11879 11879 11377 11879 11879 11879 11909 11909 11864 11909 11909 11000 11909 11864 11842 11842 11663 11842 11375 11842 11851 11864 11909 11909 11864 11376 11376 11842 11842 11375 11375 11377 11645 11375 11375 11375 11375 11376 11842 11842 11842 11842 11375 11377 11375 11645 11853 11645 11839 11341 11341 11645 11627 11627 11627 11343 11645 11645 11375 11604 11375 11604 11604 11604 11604 11377 11376
11864 11864 11864 11864 11879 11000 11001 11000 11879 11909 11909 11879 11377 11377 11376 11879 11376 11879 11879 11879 11909 11000 11000 11909 11864 11842 11842 11375 11842 11851 11842 11842 11909 11909 11864 11376 11376 11375 11375 11839 11839 11839 11839 11375 11375 11375 11839 11839 11839 11842 11842 11842 11375 11375 11375 11853 11853 11853 11853 11839 11377 11341 11645 11627 11627 11645 11645 11375 11604 11604 11604 11375 11604 11377 11377 11377 11376
11879 11864 11864 11879 11879 11000 11001 11909 11909 11000 11909 11879 11879 11376 11377 11377 11377 11377 11377 11879 11879 11909 11724 11000 11864 11842 11844 11844 11851 11842 11864 11864 11864 11376 11376 11376 11864 11839 11375 11839 11839 11839 11839 11645 11375 11375 11839 11839 11839 11839 11842 11369 11375 11375 11645 11645 11645 11853 11853 11377 11377 11341 11645 11375 11839 11839 11375 11604 11604 11604 11927 11927 11604 11377 11377 11604 11604
11001 11879 11864 11879 11000 11000 11001 11000 11724 11000 11909 11879 11879 11376 11377 11377 11377 11377 11377 11377 11857 11879 11000 11000 11909 11842 11909 11864 11864 11909 11864 11909 11864 11376 11864 11376 11864 11864 11864 11839 11839 11839 11839 11839 11839 11839 11839 11864 11864 11839 11839 11839 11369 11375 11645 11645 11645 11645 11605 11377 11645 11645 11645 11375 11375 11343 11928 11375 11375 11375 11377 11604 11604 11377 11377 11377 11604
11879 11879 11864 11879 11000 11000 11000 11001 11000 11909 11909 11909 11879 11377 11377 11377 11377 11377 11377 11377 11857 11857 11879 11000 11909 11864 11909 11909 11864 11909 11909 11909 11864 11909 11864 11376 11864 11864 11839 11839 11839 11864 11864 11864 11909 11839 11864 11864 11909 11864 11839 11839 11839 11645 11605 11605 11645 11645 11605 11645 11375 11375 11645 11343 11375 11343 11928 11375 11604 11604 11377 11377 11377 11604 11377 11377 11376
11879 11814 11864 11879 11000 11909 11909 11724 11000 11879 11909 11879 11394 11377 11377 11377 11377 11377 11377 11377 11377 11857 11879 11000 11000 11909 11909 11909 11909 11000 11000 11864 11864 11909 11864 11864 11864 11909 11864 11864 11839 11864 11909 11909 11909 11864 11864 11909 11909 11864 11839 11839 11839 11645 11605 11645 11645 11645 11645 11375 11375 11645 11928 11604 11604 11604 11928 11604 11375 11375 11604 11377 11604 11604 11376 11376 11604
11879 11879 11864 11879 11909 11879 11000 11000 11000 11879 11879 11394 11879 11879 11377 11377 11377 11377 11645 11645 11645 11375 11879 11000 11000 11000 11909 11000 11909 11909 11909 11909 11864 11909 11864 11864 11864 11909 11864 11864 11864 11839 11909 11909 11864 11864 11864 11909 11909 11864 11839 11839 11839 11839 11375 11645 11645 11645 11375 11375 11928 11928 11604 11375 11375 11604 11928 11604 11604 11377 11377 11376 11604 11376 11604 11604 11376
11369 11814 11814 11879 11879 11864 11864 11909 11000 11000 11909 11879 11000 11879 11879 11377 11377 11377 11375 11375 11645 11375 11375 11879 11000 11000 11000 11000 11000 11909 11909 11909 11864 11909 11864 11909 11909 11909 11864 11864 11909 11864 11864 11909 11864 11864 11376 11909 11864 11839 11839 11369 11839 11376 11375 11839 11839 11375 11375 11928 11928 11375 11375 11377 11645 11604 11928 11343 11604 11376 11376 11376 11376 11376 11604 11376 11376
11369 11369 11814 11814 11814 11814 11864 11879 11909 11000 11724 11724 11000 11000 11000 11909 11879 11879 11375 11375 11645 11645 11368 11879 11000 11368 11368 11909 11000 11000 11000 11909 11909 11000 11909 11909 11909 11909 11909 11909 11909 11909 11909 11864 11864 11864 11376 11864 11839 11839 11839 11369 11376 11375 11839 11839 11839 11375 11929 11928 11375 11645 11645 11377 11645 11604 11928 11928 11842 11604 11376 11604 11376 11376 11376 11376 11376
11369 11369 11864 11864 11814 11814 11864 11879 11879 11909 11909 11000 11000 11879 11909 11000 11909 11879 11366 11645 11366 11368 11368 11909 11368 11368 11909 11453 11453 11000 11000 11000 11000 11909 11909 11376 11909 11864 11909 11909 11909 11909 11909 11864 11864 11864 11376 11369 11839 11839 11839 11369 11369 11839 11367 11839 11839 11928 11645 11375 11375 11375 11645 11645 11376 11376 11604 11842 11842 11376 11842 11842 11604 11376 11376 11604 11604
11369 11369 11369 11814 11814 11814 11864 11864 11879 11724 11909 11879 11909 11879 11864 11909 11879 11879 11366 11366 11645 11366 11368 11368 11368 11368 11909 11909 11368 11000 11000 11909 11909 11453 11453 11864 11864 11864 11864 11909 11909 11864 11909 11909 11864 11376 11369 11839 11839 11839 11369 11369 11375 11839 11367 11839 11839 11928 11839 11839 11645 11645 11645 11376 11376 11376 11604 11928 11343 11842 11842 11842 11376 11842 11604 11842 11604
11879 11369 11394 11369 11814 11814 11864 11879 11909 11724 11724 11879 11864 11879 11864 11814 11879 11909 11864 11366 11366 11366 11814 11814 11368 11899 11909 11368 11909 11909 11909 11909 11909 11909 11909 11453 11864 11389 11389 11864 11864 11864 11864 11864 11367 11376 11367 11367 11839 11839 11369 11369 11375 11839 11839 11604 11604 11928 11839 11839 11848 11604 11842 11842 11842 11842 11842 11928 11842 11604 11604 11604 11842 11377 11377 11377 11377
11369 11879 11394 11369 11814 11814 11864 11864 11864 11909 11879 11909 11879 11864 11814 11826 11814 11879 11864 11826 11366 11645 11645 11645 11366 11368 11368 11899 11909 11899 11899 11899 11368 11368 11909 11909 11909 11864 11389 11864 11864 11864 11864 11864 11367 11367 11367 11853 11853 11375 11375 11375 11853 11369 11839 11839 11839 11928 11645 11848 11848 11848 11604 11842 11842 11842 11604 11604 11928 11604 11376 11842 11604 11842 11377 11604 11604
11000 11369 11369 11369 11369 11814 11814 11814 11864 11909 11864 11864 11864 11864 11879 11814 11826 11826 11826 11826 11826 11826 11645 11366 11366 11899 11899 11899 11899 11369 11369 11368 11368 11366 11368 11864 11864 11909 11864 11853 11853 11853 11864 11864 11367 11839 11853 11839 11839 11376 11375 11853 11853 11369 11369 11369 11839 11369 11369 11848 11848 11848 11369 11604 11604 11842 11842 11842 11928 11928 11604 11842 11842 11842 11604 11376 11376
11724 11909 11369 11369 11369 11369 11814 11814 11879 11909 11879 11814 11814 11826 11864 11864 11814 11826 11366 11369 11369 11645 11366 11366 11366 11366 11366 11366 11899 11369 11864 11864 11366 11366 11368 11368 11368 11909 11864 11369 11369 11853 11853 11864 11839 11369 11369 11839 11839 11604 11604 11853 11369 11369 11928 11369 11839 11369 11928 11848 11848 11367 11604 11842 11604 11842 11604 11842 11842 11928 11928 11842 11604 11604 11376 11604 11376
11000 11909 11369 11369 11369 11369 11814 11814 11879 11864 11864 11864 11826 11826 11826 11826 11826 11368 11368 11366 11366 11366 11368 11368 11368 11366 11899 11366 11366 11899 11366 11366 11366 11366 11366 11366 11366 11864 11853 11369 11369 11369 11853 11377 11864 11839 11377 11928 11928 11839 11853 11842 11928 11842 11369 11369 11369 11369 11848 11376 11848 11367 11848 11369 11604 11842 11842 11604 11842 11842 11842 11842 11842 11604 11604 11604 11604
11909 11909 11369 11394 11369 11864 11369 11814 11814 11814 11826 11826 11826 11645 11826 11368 11879 11909 11879 11366 11368 11368 11879 11879 11368 11366 11899 11366 11366 11899 11899 11366 11366 11864 11864 11864 11369 11853 11369 11853 11864 11369 11389 11853 11377 11377 11377 11851 11851 11842 11842 11842 11842 11842 11369 11376 11369 11376 11848 11848 11848 11848 11369 11369 11604 11842 11842 11842 11604 11842 11842 11842 11842 11604 11376 11376 11604
11369 11369 11369 11369 11369 11369 11369 11369 11814 11826 11826 11814 11864 11814 11864 11368 11879 11368 11879 11879 11368 11879 11879 11368 11899 11366 11899 11366 11834 11369 11369 11826 11366 11864 11909 11864 11853 11369 11853 11864 11864 11864 11389 11853 11853 11853 11376 11842 11864 11864 11842 11842 11864 11842 11842 11842 11376 11851 11848 11848 11848 11848 11842 11842 11842 11604 11842 11604 11604 11839 11604 11842 11842 11376 11604 11377 11375
11879 11879 11369 11369 11369 11864 11369 11369 11814 11864 11826 11864 11879 11879 11864 11879 11879 11368 11909 11909 11879 11864 11864 11879 11899 11899 11899 11826 11834 11826 11826 11834 11864 11864 11864 11853 11853 11864 11864 11842 11842 11842 11842 11369 11376 11842 11375 11842 11864 11864 11842 11842 11842 11842 11842 11842 11842 11851 11851 11848 11848 11369 11842 11604 11842 11842 11842 11842 11842 11604 11604 11842 11842 11842 11842 11375 11375
11909 11369 11879 11369 11879 11369 11369 11864 11864 11879 11814 11814 11864 11909 11879 11909 11879 11368 11909 11909 11879 11864 11899 11899 11899 11899 11899 11899 11834 11834 11864 11864 11864 11864 11853 11853 11853 11864 11864 11842 11842 11842 11842 11842 11376 11842 11375 11864 11864 11842 11842 11842 11842 11864 11864 11842 11842 11842 11851 11851 11376 11842 11842 11842 11842 11842 11842 11604 11604 11604 11842 11842 11604 11842 11842 11375 11604
11879 11875 11879 11879 11879 11369 11864 11899 11864 11814 11814 11814 11814 11879 11909 11909 11879 11864 11864 11899 11879 11899 11899 11899 11368 11864 11864 11879 11899 11389 11834 11834 11909 11864 11853 11864 11864 11864 11842 11842 11842 11842 11842 11377 11842 11842 11842 11864 11864 11864 11909 11864 11842 11864 11842 11842 11842 11842 11842 11376 11842 11842 11842 11842 11842 11842 11842 11842 11842 11842 11842 11842 11842 11377 11377 11375 11375
11875 11879 11879 11879 11879 11369 11899 11909 11814 11814 11864 11864 11864 11864 11879 11909 11879 11879 11864 11864 11864 11864 11864 11864 11864 11864 11366 11879 11899 11389 11834 11864 11909 11864 11853 11864 11909 11864 11842 11864 11864 11842 11369 11842 11842 11864 11842 11864 11864 11909 11909 11909 11864 11864 11864 11842 11842 11842 11842 11842 11842 11842 11842 11842 11645 11604 11842 11842 11842 11604 11604 11604 11377 11377 11604 11842 11842
11879 11879 11909 11909 11909 11879 11899 11909 11814 11864 11879 11879 11879 11864 11879 11909 11000 11879 11864 11864 11864 11839 11839 11864 11864 11864 11366 11366 11834 11834 11864 11864 11864 11909 11864 11001 11864 11842 11864 11864 11864 11842 11369 11842 11864 11864 11842 11842 11909 11909 11909 11864 11864 11842 11842 11842 11842 11842 11842 11842 11842 11604 11842 11842 11645 11842 11842 11842 11842 11604 11842 11375 11375 11375 11375 11604 11842
11909 11724 11909 11909 11724 11000 11909 11000 11864 11864 11909 11879 11909 11879 11879 11909 11909 11879 11864 11864 11864 11839 11839 11839 11853 11853 11864 11366 11366 11864 11864 11879 11864 11864 11001 11001 11909 11909 11864 11909 11864 11842 11375 11842 11842 11864 11864 11864 11864 11864 11864 11842 11842 11842 11864 11842 11864 11842 11842 11842 11369 11369 11842 11842 11645 11842 11604 11604 11842 11842 11604 11377 11375 11375 11375 11604 11375
11926 11765 11705 11705 11705 11000 11909 11909 11864 11864 11879 11909 11909 11909 11879 11879 11909 11879 11864 11864 11377 11377 11377 11853 11366 11864 11864 11366 11839 11879 11909 11879 11909 11909 11909 11864 11864 11909 11909 11864 11864 11842 11842 11842 11864 11864 11909 11909 11864 11909 11864 11864 11864 11864 11864 11864 11842 11864 11864 11842 11842 11376 11842 11842 11376 11645 11842 11842 11842 11842 11842 11375 11377 11377 11375 11375 11375
11926 11926 11765 11765 11705 11000 11909 11899 11864 11909 11879 11879 11000 11000 11909 11000 11879 11864 11864 11864 11377 11377 11377 11377 11377 11366 11366 11366 11839 11839 11864 11909 11724 11001 11909 11864 11864 11864 11842 11842 11369 11842 11864 11864 11864 11909 11001 11001 11909 11909 11909 11864 11864 11842 11604 11842 11842 11842 11842 11842 11376 11376 11842 11376 11376 11376 11842 11376 11604 11604 11375 11375 11375 11375 11604 11604 11375
11926 11926 11705 11705 11724 11000 11879 11864 11864 11879 11909 11879 11909 11000 11000 11724 11909 11864 11879 11864 11377 11377 11377 11377 11377 11377 11377 11366 11864 11864 11864 11909 11724 11001 11001 11001 11909 11842 11377 11864 11842 11842 11864 11864 11864 11909 11724 11724 11001 11909 11864 11864 11864 11604 11604 11842 11377 11377 11377 11842 11842 11376 11376 11604 11376 11376 11376 11645 11376 11376 11842 11375 11375 11375 11375 11604 11375
11926 11909 11909 11705 11000 11909 11864 11864 11879 11909 11909 11909 11000 11724 11724 11909 11909 11864 11909 11879 11377 11377 11377 11376 11377 11377 11377 11366 11864 11879 11864 11879 11724 11724 11724 11001 11864 11864 11864 11909 11909 11864 11864 11864 11909 11001 11724 11001 11001 11909 11864 11864 11842 11842 11842 11842 11377 11377 11377 11377 11377 11842 11376 11376 11376 11376 11842 11376 11842 11604 11842 11375 11604 11604 11604 11375 11376
11909 11909 11909 11909 11705 11909 11879 11879 11909 11000 11000 11724 11000 11000 11724 11724 11909 11864 11909 11879 11864 11377 11377 11376 11377 11377 11366 11366 11864 11879 11909 11879 11909 11724 11001 11909 11909 11864 11842 11864 11909 11909 11864 11864 11864 11001 11001 11909 11909 11864 11864 11864 11842 11842 11842 11842 11377 11604 11377 11604 11604 11377 11376 11376 11376 11842 11842 11842 11842 11842 11842 11377 11376 11376 11376 11377 11377
11909 11909 11909 11909 11879 11909 11000 11879 11909 11000 11724 11724 11724 11000 11724 11724 11909 11864 11909 11879 11879 11864 11366 11377 11377 11377 11377 11848 11848 11864 11909 11909 11909 11724 11001 11001 11001 11001 11842 11864 11864 11909 11909 11864 11909 11001 11864 11864 11864 11864 11864 11369 11842 11375 11376 11376 11604 11377 11377 11377 11376 11376 11376 11376 11842 11842 11842 11842 11842 11375 11376 11604 11376 11377 11376 11376 11377
11926 11909 11879 11879 11909 11000 11000 11909 11879 11909 11000 11724 11724 11724 11724 11724 11879 11864 11879 11879 11604 11864 11366 11366 11839 11377 11377 11848 11848 11864 11879 11909 11909 11724 11909 11909 11909 11909 11842 11864 11864 11864 11909 11864 11909 11909 11864 11864 11844 11844 11864 11864 11842 11375 11375 11604 11377 11377 11377 11376 11376 11842 11842 11842 11842 11842 11842 11842 11842 11375 11842 11376 11377 11604 11375 11376 11377
11909 11909 11909 11879 11909 11000 11909 11879 11909 11909 11909 11000 11724 11724 11724 11909 11879 11864 11839 11864 11839 11366 11839 11839 11839 11853 11848 11848 11848 11848 11864 11909 11909 11001 11909 11864 11909 11864 11864 11909 11909 11909 11909 11864 11864 11909 11864 11864 11844 11604 11864 11864 11842 11375 11842 11376 11376 11377 11376 11842 11842 11842 11842 11842 11842 11842 11376 11842 11842 11375 11842 11376 11376 11375 11375 11377 11377
