EDHMvic/OtherData/ct_soil025.txt
ncols         701
nrows         425
xllcorner     90.555
yllcorner     25.055
cellsize      0.025
NODATA_value  -9999
[rows 102 to 135 of 425, columns 616 to 692 of 701]
11857 11857 11394 11378 11872 11872 11878 11858 11858 11878 11872 11872 -9999 -9999 -9999 -9999 -9999 -9999 -9999 -9999 -9999 -9999 -9999 -9999 -9999 -9999 -9999 -9999 -9999 -9999 -9999 -9999 -9999 -9999 -9999 -9999 -9999 -9999 -9999 -9999 -9999 -9999 -9999 -9999 -9999 -9999 -9999 -9999 -9999 -9999 -9999 -9999 -9999 -9999 -9999 -9999 -9999 -9999 -9999 -9999 -9999 -9999 -9999 -9999 -9999 -9999 -9999 -9999 -9999 -9999 -9999 -9999 -9999 -9999 -9999 -9999 -9999
11857 11857 11857 11378 11378 11878 11878 11858 11874 11878 11872 -9999 -9999 -9999 -9999 -9999 -9999 -9999 -9999 -9999 -9999 -9999 -9999 -9999 -9999 -9999 -9999 -9999 -9999 -9999 -9999 -9999 -9999 -9999 -9999 -9999 -9999 -9999 -9999 -9999 -9999 -9999 -9999 -9999 -9999 -9999 -9999 -9999 -9999 -9999 -9999 -9999 -9999 -9999 -9999 -9999 -9999 -9999 -9999 -9999 -9999 -9999 -9999 -9999 -9999 -9999 -9999 -9999 -9999 -9999 -9999 -9999 -9999 -9999 -9999 -9999 -9999
11857 11878 11857 11857 11378 11878 11858 11858 11874 11874 11872 -9999 -9999 -9999 -9999 -9999 -9999 -9999 -9999 -9999 -9999 -9999 -9999 -9999 -9999 -9999 -9999 -9999 -9999 -9999 -9999 -9999 -9999 -9999 -9999 -9999 -9999 -9999 -9999 -9999 -9999 -9999 -9999 -9999 -9999 -9999 -9999 -9999 -9999 -9999 -9999 -9999 -9999 -9999 -9999 -9999 -9999 -9999 -9999 -9999 -9999 -9999 -9999 -9999 -9999 -9999 -9999 -9999 -9999 -9999 -9999 -9999 -9999 -9999 -9999 -9999 -9999
11857 11878 11857 11857 11874 11874 11874 11874 11874 11872 11861 11861 -9999 -9999 -9999 -9999 -9999 -9999 -9999 -9999 -9999 -9999 -9999 -9999 -9999 -9999 -9999 -9999 -9999 -9999 -9999 -9999 -9999 -9999 -9999 -9999 -9999 -9999 -9999 -9999 -9999 -9999 -9999 -9999 -9999 -9999 -9999 -9999 -9999 -9999 -9999 -9999 -9999 -9999 -9999 -9999 -9999 -9999 -9999 -9999 -9999 -9999 -9999 -9999 -9999 -9999 -9999 -9999 -9999 -9999 -9999 -9999 -9999 -9999 -9999 -9999 -9999
11857 11878 11857 11857 11874 11861 11861 11874 11874 11861 11861 -9999 -9999 -9999 -9999 -9999 -9999 -9999 -9999 -9999 -9999 -9999 -9999 -9999 -9999 -9999 -9999 -9999 -9999 -9999 -9999 -9999 -9999 -9999 -9999 -9999 -9999 -9999 -9999 -9999 -9999 -9999 -9999 -9999 -9999 -9999 -9999 -9999 -9999 -9999 -9999 -9999 -9999 -9999 -9999 -9999 -9999 -9999 -9999 -9999 -9999 -9999 -9999 -9999 -9999 -9999 -9999 -9999 -9999 -9999 -9999 -9999 -9999 -9999 -9999 -9999 -9999
11857 11878 11857 11857 11878 11874 11861 11861 11861 11861 11861 -9999 -9999 -9999 -9999 -9999 -9999 -9999 -9999 -9999 -9999 -9999 -9999 -9999 -9999 -9999 -9999 -9999 -9999 -9999 -9999 -9999 -9999 -9999 -9999 -9999 -9999 -9999 -9999 -9999 -9999 -9999 -9999 -9999 -9999 -9999 -9999 -9999 -9999 -9999 -9999 -9999 -9999 -9999 -9999 -9999 -9999 -9999 -9999 -9999 -9999 -9999 -9999 -9999 -9999 -9999 -9999 -9999 -9999 -9999 -9999 -9999 -9999 -9999 -9999 -9999 -9999
11857 11878 11878 11878 11861 11861 11861 11861 11861 11861 11861 -9999 -9999 -9999 11861 -9999 -9999 -9999 -9999 -9999 -9999 -9999 -9999 -9999 -9999 -9999 -9999 -9999 -9999 -9999 -9999 -9999 -9999 -9999 -9999 -9999 -9999 -9999 -9999 -9999 -9999 -9999 -9999 -9999 -9999 -9999 -9999 -9999 -9999 -9999 -9999 -9999 -9999 -9999 -9999 -9999 -9999 -9999 -9999 -9999 -9999 -9999 -9999 -9999 -9999 -9999 -9999 -9999 -9999 -9999 -9999 -9999 -9999 -9999 -9999 -9999 -9999
11878 11400 11400 11400 11400 11400 11861 11604 11861 11861 11861 11861 11861 11861 11878 11878 11861 -9999 -9999 -9999 -9999 -9999 -9999 -9999 -9999 -9999 -9999 -9999 -9999 -9999 -9999 -9999 -9999 -9999 -9999 -9999 -9999 -9999 -9999 -9999 -9999 -9999 -9999 -9999 -9999 -9999 -9999 -9999 -9999 -9999 -9999 -9999 -9999 -9999 -9999 -9999 -9999 -9999 -9999 -9999 -9999 -9999 -9999 -9999 -9999 -9999 -9999 -9999 -9999 -9999 -9999 -9999 -9999 -9999 -9999 -9999 -9999
11871 11871 11871 11861 11861 11400 11861 11861 11861 11861 11861 11878 11861 11861 11861 11861 11878 11861 -9999 -9999 -9999 -9999 -9999 -9999 -9999 -9999 11880 -9999 -9999 -9999 -9999 -9999 -9999 -9999 -9999 -9999 -9999 -9999 -9999 -9999 -9999 -9999 -9999 -9999 -9999 -9999 -9999 -9999 -9999 -9999 -9999 -9999 -9999 -9999 -9999 -9999 -9999 -9999 -9999 -9999 -9999 -9999 -9999 -9999 -9999 -9999 -9999 -9999 -9999 -9999 -9999 -9999 -9999 -9999 -9999 -9999 -9999
11871 11878 11878 11861 11861 11861 11861 11861 11604 11604 11861 11861 11878 11861 11861 11604 11861 11878 11604 11858 11858 11858 11858 11870 11870 11870 11880 -9999 -9999 -9999 -9999 -9999 -9999 -9999 -9999 -9999 -9999 -9999 -9999 -9999 -9999 -9999 -9999 -9999 -9999 -9999 -9999 -9999 -9999 -9999 -9999 -9999 -9999 -9999 -9999 -9999 -9999 -9999 -9999 -9999 -9999 -9999 -9999 -9999 -9999 -9999 -9999 -9999 -9999 -9999 -9999 -9999 -9999 -9999 -9999 -9999 -9999
11871 11861 11861 11861 11861 11861 11368 11368 11861 11604 11861 11861 11878 11878 11604 11604 11604 11604 11858 11858 11858 11870 11858 11604 11870 11870 11858 -9999 -9999 -9999 -9999 -9999 -9999 -9999 -9999 -9999 -9999 -9999 -9999 -9999 -9999 -9999 -9999 -9999 -9999 -9999 -9999 -9999 -9999 -9999 -9999 -9999 -9999 -9999 -9999 -9999 -9999 -9999 -9999 -9999 -9999 -9999 -9999 -9999 -9999 -9999 -9999 -9999 -9999 -9999 -9999 -9999 -9999 -9999 -9999 -9999 -9999
11871 11861 11861 11875 11368 11368 11368 11368 11861 11604 11861 11878 11878 11604 11604 11400 11400 11400 11400 11400 11858 11870 11858 11858 11604 11858 11858 11858 11858 -9999 -9999 -9999 -9999 -9999 -9999 -9999 -9999 -9999 -9999 -9999 -9999 -9999 -9999 -9999 -9999 -9999 -9999 -9999 -9999 -9999 -9999 -9999 -9999 -9999 -9999 -9999 -9999 -9999 -9999 -9999 -9999 -9999 -9999 -9999 -9999 -9999 -9999 -9999 -9999 -9999 -9999 -9999 -9999 -9999 -9999 -9999 -9999
11857 11861 11875 11875 11368 11368 11861 11861 11861 11861 11604 11604 11871 11871 11871 11400 11858 11858 11858 11858 11858 11858 11858 11858 11858 11858 11858 11858 11884 -9999 -9999 -9999 -9999 -9999 -9999 -9999 -9999 -9999 -9999 -9999 -9999 -9999 -9999 -9999 -9999 -9999 -9999 -9999 -9999 -9999 -9999 -9999 -9999 -9999 -9999 -9999 -9999 -9999 -9999 -9999 -9999 -9999 -9999 -9999 -9999 -9999 -9999 -9999 -9999 -9999 -9999 -9999 -9999 -9999 -9999 -9999 -9999
11857 11875 11861 11875 11368 11861 11861 11861 11861 11861 11861 11861 11871 11871 11871 11871 11858 11858 11858 11858 11858 11857 11857 11863 11858 11858 11863 11863 11861 -9999 -9999 -9999 -9999 -9999 -9999 -9999 -9999 -9999 -9999 -9999 -9999 -9999 -9999 -9999 -9999 -9999 -9999 -9999 -9999 -9999 -9999 -9999 -9999 -9999 -9999 -9999 -9999 -9999 -9999 -9999 -9999 -9999 -9999 -9999 -9999 -9999 -9999 -9999 -9999 -9999 -9999 -9999 -9999 -9999 -9999 -9999 -9999
11369 11875 11875 11875 11878 11861 11861 11861 11861 11858 11861 11858 11858 11858 11858 11858 11858 11858 11400 11857 11884 11884 11884 11884 11884 11863 11863 11863 11861 11861 -9999 -9999 11605 11605 11857 11857 11857 -9999 -9999 -9999 -9999 -9999 -9999 -9999 -9999 -9999 -9999 -9999 -9999 -9999 -9999 11884 11884 11884 -9999 -9999 -9999 -9999 -9999 -9999 -9999 -9999 -9999 -9999 -9999 -9999 -9999 -9999 -9999 -9999 -9999 -9999 -9999 -9999 -9999 -9999 -9999
11369 11875 11875 11875 11875 11878 11878 11861 11858 11858 11858 11858 11858 11857 11857 11857 11400 11400 11857 11857 11857 11857 11884 11884 11861 11861 11863 11861 11884 11884 11884 11884 11857 11857 11857 11368 11857 -9999 -9999 -9999 -9999 -9999 -9999 -9999 -9999 -9999 11400 11884 11884 11908 11908 11908 11884 11884 11884 -9999 -9999 -9999 -9999 -9999 -9999 -9999 -9999 -9999 -9999 -9999 -9999 -9999 -9999 -9999 -9999 -9999 -9999 -9999 -9999 -9999 -9999
11875 11878 11878 11875 11878 11878 11858 11858 11858 11857 11857 11857 11857 11857 11377 11857 11400 11857 11857 11857 11857 11857 11884 11884 11884 11884 11861 11884 11884 11884 11857 11857 11857 11857 11368 11857 11857 11368 11368 11368 11368 11857 11883 11883 11883 11908 11908 11908 11858 11858 11858 11858 11884 11884 11884 11857 11857 11857 11857 11884 -9999 -9999 -9999 -9999 -9999 -9999 -9999 -9999 -9999 -9999 -9999 -9999 -9999 -9999 -9999 -9999 -9999
11875 11878 11878 11878 11878 11858 11369 11369 11369 11857 11857 11857 11857 11857 11394 11857 11400 11400 11861 11857 11857 11857 11884 11884 11884 11884 11884 11884 11884 11857 11857 11878 11878 11368 11878 11857 11857 11857 11857 11857 11857 11857 11857 11883 11883 11858 11858 11858 11394 11394 11858 11858 11884 11857 11857 11394 11394 11857 11857 -9999 -9999 -9999 -9999 -9999 -9999 -9999 -9999 11884 11884 11368 11368 11394 -9999 -9999 -9999 -9999 -9999
11878 11878 11369 11369 11369 11377 11377 11369 11369 11857 11369 11857 11857 11857 11394 11394 11861 11861 11861 11857 11884 11884 11884 11884 11884 11884 11884 11857 11878 11878 11878 11878 11878 11878 11878 11878 11878 11878 11878 11878 11857 11857 11857 11857 11853 11858 11858 11394 11858 11858 11858 11884 11884 11857 11394 11857 11857 11394 11857 11857 -9999 -9999 -9999 -9999 -9999 -9999 -9999 11884 11884 11368 11368 11394 11884 -9999 -9999 -9999 -9999
11369 11369 11377 11377 11377 11369 11369 11369 11369 11369 11369 11857 11857 11377 11377 11878 11857 11861 11861 11857 11857 11857 11857 11857 11857 11878 11878 11857 11878 11878 11878 11857 11857 11857 11857 11879 11879 11857 11857 11857 11857 11857 11878 11853 11853 11883 11858 11604 11858 11858 11884 11858 11884 11857 11857 11394 11857 11394 11394 11394 11394 -9999 -9999 -9999 -9999 -9999 -9999 11884 11884 11884 11870 11394 11394 -9999 -9999 -9999 -9999
11369 11377 11369 11369 11369 11369 11369 11369 11369 11369 11857 11857 11857 11377 11377 11878 11878 11857 11857 11878 11878 11857 11857 11878 11878 11878 11857 11857 11857 11857 11857 11857 11857 11878 11878 11857 11857 11857 11857 11878 11878 11878 11853 11853 11883 11883 11604 11604 11858 11858 11858 11857 11857 11857 11858 11857 11394 11394 11394 11857 11394 -9999 -9999 11368 11368 11884 11368 11884 11884 11368 11870 11870 11884 -9999 -9999 -9999 -9999
11377 11369 11369 11369 11369 11369 11369 11369 11857 11857 11857 11857 11377 11377 11853 11878 11857 11857 11857 11878 11878 11857 11857 11853 11878 11878 11878 11878 11878 11857 11879 11879 11857 11878 11878 11878 11878 11878 11853 11878 11878 11853 11853 11853 11878 11858 11858 11858 11858 11858 11858 11858 11858 11858 11858 11858 11394 11368 11857 11857 11394 11863 11863 11863 11368 11884 11884 11884 11859 11878 11870 11870 11884 11857 11857 -9999 -9999
11377 11369 11369 11369 11369 11369 11369 11369 11369 11857 11857 11857 11377 11377 11377 11878 11857 11857 11857 11857 11878 11857 11878 11853 11878 11857 11878 11857 11857 11857 11879 11879 11878 11878 11878 11878 11853 11853 11853 11853 11878 11878 11878 11878 11853 11858 11858 11858 11858 11858 11858 11858 11858 11858 11858 11368 11394 11394 11878 11878 11863 11394 11863 11863 11863 11863 11368 11859 11878 11368 11878 11870 11870 11857 11394 -9999 -9999
11377 11377 11369 11369 11369 11369 11377 11369 11369 11369 11857 11377 11377 11377 11853 11853 11878 11878 11857 11878 11853 11853 11853 11878 11878 11878 11857 11857 11857 11857 11857 11878 11857 11878 11853 11853 11853 11878 11878 11878 11853 11878 11878 11870 11870 11858 11858 11858 11858 11858 11858 11858 11858 11858 11368 11368 11368 11368 11368 11863 11394 11394 11863 11863 11863 11400 11368 11368 11859 11368 11878 11400 11870 11394 11394 -9999 -9999
11369 11377 11377 11369 11369 11369 11369 11377 11377 11377 11377 11369 11377 11853 11878 11857 11878 11857 11857 11878 11853 11878 11853 11878 11857 11878 11857 11857 11878 11857 11857 11853 11878 11857 11857 11878 11853 11878 11853 11878 11870 11878 11878 11870 11368 11368 11368 11858 11858 11368 11858 11858 11368 11858 11368 11368 11368 11368 11875 11875 11863 11863 11863 11863 11863 11400 11400 11368 11859 11368 11878 11400 11870 11394 11394 11394 -9999
11369 11369 11369 11369 11377 11377 11377 11377 11377 11377 11377 11369 11853 11853 11853 11878 11857 11857 11878 11853 11878 11878 11857 11857 11857 11857 11857 11857 11878 11369 11878 11878 11853 11853 11878 11878 11853 11853 11853 11878 11878 11870 11870 11368 11878 11878 11368 11368 11368 11858 11858 11858 11368 11368 11368 11369 11857 11857 11839 11875 11875 11878 11863 11863 11863 11400 11857 11400 11859 11878 11368 11878 11400 11400 11394 11857 -9999
11369 11369 11369 11369 11377 11377 11369 11369 11377 11369 11377 11369 11853 11878 11878 11857 11857 11878 11853 11853 11878 11878 11878 11857 11878 11857 11878 11878 11369 11369 11369 11878 11878 11853 11853 11857 11878 11853 11853 11878 11870 11870 11870 11870 11878 11878 11878 11878 11368 11368 11368 11368 11369 11369 11367 11367 11367 11839 11839 11875 11875 11863 11875 11878 11878 11857 11857 11857 11857 11857 11878 11878 11605 11605 11400 11857 11857
11842 11842 11842 11369 11369 11369 11369 11369 11369 11377 11377 11857 11857 11853 11878 11878 11853 11853 11853 11878 11857 11878 11878 11878 11857 11878 11878 11878 11369 11369 11878 11878 11878 11878 11842 11857 11857 11369 11369 11878 11878 11870 11870 11870 11367 11367 11367 11367 11878 11878 11368 11368 11368 11369 11369 11369 11369 11369 11369 11875 11875 11875 11604 11875 11857 11857 11376 11376 11857 11878 11878 11376 11605 11605 11605 11400 11857
11377 11377 11842 11369 11369 11377 11377 11369 11369 11857 11857 11853 11853 11878 11878 11853 11878 11878 11878 11878 11878 11857 11878 11878 11878 11878 11878 11369 11369 11369 11369 11878 11878 11842 11842 11842 11375 11375 11375 11375 11369 11369 11839 11367 11839 11367 11369 11369 11878 11839 11878 11368 11368 11878 11369 11369 11369 11839 11375 11375 11375 11875 11875 11875 11857 11857 11857 11376 11376 11878 11870 11870 11376 11376 11376 11857 11857
11377 11377 11377 11842 11369 11369 11377 11369 11369 11369 11369 11857 11853 11853 11853 11853 11878 11857 11857 11857 11878 11878 11878 11369 11878 11878 11878 11369 11369 11369 11878 11878 11842 11842 11375 11375 11375 11375 11645 11375 11375 11375 11839 11839 11839 11839 11878 11839 11839 11839 11878 11878 11878 11839 11839 11839 11839 11375 11375 11375 11375 11375 11875 11857 11376 11376 11376 11375 11375 11376 11376 11870 11870 11376 11376 11857 11857
11377 11377 11842 11842 11369 11369 11369 11369 11377 11377 11377 11377 11377 11377 11377 11369 11369 11369 11857 11878 11878 11369 11878 11369 11369 11369 11369 11369 11400 11878 11842 11842 11375 11375 11375 11375 11375 11375 11375 11375 11375 11375 11375 11375 11375 11375 11375 11839 11839 11839 11839 11839 11839 11375 11375 11375 11375 11375 11375 11375 11375 11375 11375 11375 11375 11376 11376 11375 11375 11376 11376 11376 11870 11870 11376 11857 11857
11377 11377 11842 11842 11369 11369 11369 11377 11377 11377 11369 11369 11853 11853 11369 11853 11853 11857 11853 11377 11853 11853 11853 11853 11853 11369 11400 11377 11369 11842 11842 11375 11375 11375 11375 11375 11375 11375 11377 11377 11375 11375 11375 11375 11375 11375 11627 11375 11375 11375 11375 11375 11375 11375 11375 11375 11870 11870 11870 11375 11375 11375 11375 11375 11375 11375 11376 11842 11375 11375 11376 11376 11376 11878 11878 11376 11857
11377 11377 11377 11842 11369 11369 11377 11377 11377 11377 11377 11377 11377 11377 11853 11853 11853 11853 11853 11377 11377 11853 11377 11369 11853 11369 11377 11369 11842 11376 11375 11375 11375 11375 11645 11645 11375 11375 11377 11375 11377 11377 11377 11377 11377 11377 11375 11375 11375 11375 11377 11377 11377 11857 11857 11375 11870 11375 11870 11375 11375 11375 11645 11375 11375 11375 11375 11842 11842 11375 11376 11376 11376 11376 11878 11857 11376
11377 11377 11376 11376 11842 11369 11377 11377 11369 11377 11377 11369 11369 11369 11369 11369 11369 11369 11369 11369 11369 11369 11369 11369 11369 11369 11842 11376 11376 11375 11375 11375 11375 11375 11375 11375 11375 11375 11375 11375 11645 11375 11375 11375 11375 11375 11375 11375 11375 11375 11375 11375 11857 11857 11375 11375 11375 11375 11375 11375 11375 11375 11375 11375 11375 11857 11375 11375 11842 11375 11375 11376 11376 11376 11878 11878 11857
