EDHMvic/OtherData/ct_soil025.txt
ncols         701
nrows         425
xllcorner     90.555
yllcorner     25.055
cellsize      0.025
NODATA_value  -9999
[rows 374 to 407 of 425, columns 385 to 461 of 701]
11818 11818 11818 11818 11831 11831 11831 11828 11604 11604 11806 11821 11864 11864 11806 11806 11014 11015 11808 11375 11375 11375 11879 11879 11879 11879 11879 11864 11864 11375 11375 11375 11375 11375 11375 11017 11376 11376 11375 11376 11376 11604 11375 11376 11375 11376 11375 11376 11375 11375 11375 11376 11376 11375 11376 11376 11864 11823 11823 11826 11826 11826 11826 11826 11834 11834 11375 11366 11864 11013 11814 11814 11604 11814 11814 11814 11013
11818 11818 11818 11818 11831 11831 11818 11828 11604 11014 11806 11864 11806 11806 11806 11014 11014 11015 11808 11808 11375 11821 11375 11879 11375 11879 11879 11864 11864 11375 11375 11375 11375 11017 11376 11376 11375 11375 11375 11376 11375 11376 11375 11375 11864 11376 11375 11376 11376 11376 11375 11375 11375 11375 11375 11832 11864 11864 11823 11823 11826 11823 11823 11826 11826 11375 11375 11366 11864 11013 11814 11814 11814 11814 11814 11013 11013
11818 11818 11818 11818 11818 11868 11868 11868 11828 11013 11014 11821 11806 11014 11014 11366 11014 11015 11808 11808 11375 11821 11375 11375 11375 11879 11879 11864 11864 11864 11375 11017 11017 11376 11376 11376 11604 11375 11879 11375 11864 11376 11376 11864 11879 11375 11864 11375 11375 11376 11376 11375 11375 11375 11832 11832 11864 11823 11823 11823 11857 11823 11823 11823 11826 11375 11375 11366 11013 11013 11814 11814 11814 11814 11376 11376 11376
11818 11818 11818 11818 11868 11868 11604 11828 11828 11013 11014 11806 11014 11013 11014 11366 11366 11015 11808 11375 11375 11821 11821 11821 11375 11375 11879 11864 11864 11375 11017 11376 11375 11375 11864 11375 11376 11864 11879 11864 11375 11375 11375 11864 11879 11864 11375 11375 11376 11375 11375 11375 11879 11879 11375 11376 11826 11864 11823 11832 11823 11823 11823 11823 11834 11834 11834 11366 11013 11814 11814 11814 11814 11376 11926 11376 11013
11818 11818 11868 11868 11868 11828 11868 11868 11828 11828 11013 11014 11013 11013 11013 11013 11014 11015 11375 11375 11375 11375 11811 11821 11375 11375 11879 11864 11864 11017 11376 11376 11375 11864 11879 11375 11376 11375 11864 11864 11375 11375 11864 11864 11864 11375 11376 11376 11376 11376 11375 11375 11879 11376 11376 11376 11376 11823 11832 11832 11832 11832 11823 11375 11834 11375 11834 11834 11013 11013 11814 11814 11814 11376 11376 11375 11013
11831 11831 11818 11818 11818 11818 11868 11828 11828 11828 11013 11013 11814 11814 11341 11341 11017 11376 11015 11375 11375 11375 11811 11017 11017 11376 11375 11864 11375 11017 11375 11864 11375 11864 11879 11864 11376 11375 11879 11879 11864 11864 11864 11879 11864 11375 11375 11375 11376 11376 11375 11375 11375 11375 11814 11814 11376 11826 11832 11375 11832 11832 11375 11375 11375 11375 11834 11013 11013 11814 11826 11826 11826 11826 11376 11375 11013
11831 11831 11828 11818 11818 11818 11818 11828 11828 11828 11013 11814 11816 11814 11814 11341 11821 11821 11821 11821 11821 11376 11376 11830 11375 11376 11017 11375 11017 11376 11376 11375 11864 11879 11879 11864 11864 11375 11864 11909 11879 11864 11879 11864 11879 11864 11864 11376 11376 11376 11376 11375 11604 11375 11814 11814 11826 11826 11832 11375 11375 11375 11375 11375 11375 11375 11013 11814 11814 11814 11826 11826 11826 11375 11376 11375 11013
11831 11828 11828 11828 11828 11828 11828 11828 11828 11013 11814 11816 11816 11816 11814 11017 11821 11375 11375 11375 11375 11376 11376 11830 11864 11879 11375 11376 11375 11376 11375 11864 11375 11879 11879 11879 11864 11375 11879 11909 11909 11879 11879 11375 11375 11375 11376 11376 11376 11375 11375 11375 11375 11814 11814 11604 11814 11826 11604 11375 11375 11375 11375 11604 11375 11375 11013 11814 11814 11826 11826 11826 11375 11375 11375 11375 11013
11828 11605 11605 11828 11828 11828 11828 11828 11828 11828 11814 11864 11816 11816 11814 11017 11821 11375 11375 11864 11830 11830 11830 11830 11864 11864 11376 11864 11375 11376 11375 11864 11375 11864 11605 11879 11864 11375 11879 11909 11909 11879 11864 11375 11375 11376 11375 11864 11376 11375 11375 11375 11375 11833 11833 11833 11375 11826 11375 11375 11375 11375 11375 11375 11376 11376 11013 11814 11814 11822 11826 11375 11375 11375 11375 11013 11375
11828 11828 11605 11828 11828 11828 11828 11828 11828 11828 11828 11864 11816 11816 11017 11017 11375 11864 11864 11830 11830 11830 11830 11375 11864 11375 11375 11879 11375 11375 11864 11879 11879 11879 11605 11605 11879 11864 11864 11879 11879 11864 11375 11375 11375 11375 11864 11864 11814 11375 11375 11375 11375 11375 11833 11833 11822 11375 11604 11375 11375 11375 11376 11376 11376 11376 11013 11814 11822 11822 11822 11375 11375 11375 11375 11013 11013
11828 11828 11828 11828 11828 11604 11828 11828 11828 11828 11828 11864 11816 11814 11017 11017 11375 11375 11864 11864 11864 11864 11375 11375 11375 11375 11864 11864 11375 11376 11375 11864 11879 11909 11879 11879 11879 11864 11864 11879 11864 11375 11864 11375 11375 11864 11864 11814 11814 11814 11814 11375 11375 11375 11604 11375 11822 11376 11375 11604 11375 11375 11376 11376 11376 11376 11814 11822 11822 11822 11822 11375 11375 11375 11375 11377 11013
11828 11828 11828 11828 11828 11828 11828 11828 11828 11828 11828 11828 11816 11814 11017 11017 11375 11375 11879 11864 11879 11864 11375 11375 11604 11864 11879 11375 11375 11375 11376 11376 11864 11879 11909 11864 11864 11879 11879 11864 11879 11864 11864 11375 11375 11864 11814 11814 11375 11814 11814 11375 11375 11375 11375 11375 11822 11376 11375 11604 11604 11375 11376 11376 11376 11376 11822 11822 11822 11375 11375 11375 11375 11375 11377 11013 11013
-9999 -9999 -9999 11828 11828 11828 11828 11828 11828 11604 11828 11828 11814 11370 11017 11017 11821 11375 11375 11879 11879 11375 11375 11375 11375 11375 11879 11879 11604 11375 11376 11375 11864 11879 11879 11864 11375 11864 11879 11879 11879 11864 11375 11864 11864 11864 11864 11375 11375 11814 11814 11864 11375 11375 11375 11375 11375 11376 11822 11822 11822 11376 11376 11376 11376 11013 11805 11375 11377 11377 11377 11377 11377 11377 11377 11377 11013
-9999 -9999 -9999 -9999 11864 11864 11879 11828 11828 11828 11828 11366 11366 11370 11017 11017 11376 11375 11864 11879 11864 11375 11864 11604 11375 11375 11864 11864 11375 11864 11375 11376 11375 11864 11864 11375 11375 11604 11375 11375 11879 11864 11864 11879 11864 11864 11864 11864 11814 11864 11375 11375 11375 11814 11814 11814 11375 11822 11822 11822 11822 11822 11822 11376 11376 11013 11805 11805 11377 11377 11013 11013 11377 11013 11013 11013 11376
-9999 -9999 -9999 -9999 -9999 11879 11864 11879 11864 11828 11828 11830 11830 11370 11017 11627 11376 11375 11864 11864 11864 11879 11864 11604 11375 11375 11375 11864 11879 11879 11375 11376 11375 11376 11375 11375 11375 11375 11375 11864 11879 11879 11879 11864 11375 11604 11375 11375 11864 11864 11375 11375 11375 11375 11375 11375 11375 11822 11376 11822 11822 11376 11822 11822 11013 11805 11013 11013 11377 11376 11805 11805 11805 11805 11013 11805 11376
-9999 -9999 -9999 -9999 -9999 11879 11864 11828 11828 11828 11830 11830 11015 11370 11017 11017 11376 11375 11864 11864 11864 11879 11375 11375 11864 11864 11375 11864 11830 11830 11830 11376 11376 11375 11376 11376 11375 11375 11375 11375 11864 11879 11864 11864 11375 11375 11375 11376 11375 11375 11375 11376 11376 11375 11604 11375 11375 11375 11376 11376 11376 11376 11013 11013 11013 11013 11013 11604 11377 11376 11376 11376 11376 11376 11376 11604 11376
-9999 -9999 -9999 -9999 -9999 11826 11879 11864 11864 11828 11828 11830 11015 11015 11017 11627 11627 11376 11375 11864 11864 11879 11375 11864 11879 11830 11604 11830 11830 11830 11864 11376 11376 11375 11376 11375 11375 11604 11604 11375 11604 11375 11604 11375 11375 11376 11604 11375 11375 11376 11376 11376 11376 11376 11376 11375 11375 11376 11376 11376 11376 11375 11013 11013 11013 11805 11013 11604 11377 11376 11376 11376 11376 11864 11375 11805 11805
-9999 -9999 -9999 -9999 -9999 11826 11826 11826 11826 11828 11828 11604 11830 11830 11013 11627 11376 11376 11864 11879 11864 11864 11879 11879 11864 11864 11604 11830 11864 11864 11864 11376 11376 11376 11376 11376 11376 11376 11376 11376 11375 11375 11604 11375 11375 11376 11376 11376 11376 11376 11376 11376 11375 11376 11376 11376 11375 11376 11376 11376 11805 11805 11375 11604 11013 11013 11013 11377 11377 11376 11864 11879 11879 11375 11375 11805 11805
-9999 -9999 -9999 -9999 -9999 11604 11826 11828 11828 11828 11828 11014 11014 11014 11017 11017 11627 11017 11375 11864 11879 11879 11879 11864 11830 11830 11830 11830 11830 11830 11375 11376 11376 11376 11375 11375 11376 11376 11604 11376 11375 11375 11375 11375 11864 11864 11864 11376 11375 11375 11375 11864 11375 11375 11376 11376 11375 11375 11375 11375 11805 11375 11375 11604 11604 11013 11013 11013 11377 11375 11375 11375 11375 11375 11375 11805 11376
-9999 -9999 -9999 -9999 -9999 11826 11604 11828 11828 11828 11828 11828 11014 11014 11014 11017 11627 11017 11375 11864 11879 11879 11864 11864 11830 11830 11864 11864 11864 11864 11375 11376 11376 11375 11376 11375 11376 11376 11375 11375 11604 11375 11375 11375 11375 11375 11375 11864 11375 11864 11864 11375 11375 11375 11375 11375 11375 11375 11604 11377 11805 11375 11018 11013 11013 11013 11013 11013 11376 11376 11879 11879 11864 11375 11375 11805 11376
-9999 -9999 -9999 -9999 -9999 -9999 11826 11828 11828 11828 11828 11828 11828 11014 11014 11017 11627 11017 11864 11864 11864 11830 11830 11864 11864 11864 11864 11864 11864 11864 11375 11376 11376 11376 11376 11375 11376 11376 11376 11376 11375 11375 11604 11375 11375 11375 11864 11864 11864 11864 11864 11375 11375 11375 11377 11377 11375 11375 11377 11377 11375 11018 11604 11013 11013 11605 11605 11013 11013 11376 11879 11879 11864 11375 11376 11376 11376
-9999 -9999 -9999 -9999 -9999 -9999 -9999 -9999 11828 11828 11828 11828 11828 11013 11013 11627 11627 11013 11864 11864 11864 11864 11830 11830 11830 11864 11375 11375 11375 11375 11375 11376 11375 11376 11376 11376 11376 11376 11376 11376 11604 11375 11375 11375 11375 11375 11864 11375 11375 11375 11375 11375 11375 11375 11604 11377 11377 11377 11377 11377 11833 11375 11018 11018 11013 11605 11013 11013 11013 11376 11375 11864 11864 11376 11376 11376 11376
-9999 -9999 -9999 -9999 -9999 -9999 -9999 11826 11826 11828 11828 11604 11828 11013 11013 11013 11627 11864 11864 11864 11864 11864 11830 11830 11830 11830 11375 11375 11375 11375 11375 11375 11376 11375 11375 11375 11375 11375 11375 11375 11375 11375 11375 11375 11375 11375 11605 11375 11375 11375 11864 11864 11375 11375 11604 11377 11377 11377 11377 11833 11833 11375 11018 11018 11018 11013 11013 11605 11013 11376 11375 11879 11864 11864 11376 11376 11376
-9999 -9999 -9999 -9999 -9999 -9999 -9999 -9999 11826 11826 11826 11826 11828 11828 11013 11627 11013 11864 11375 11375 11375 11830 11864 11830 11830 11375 11375 11375 11375 11375 11375 11375 11376 11375 11864 11375 11864 11375 11375 11375 11375 11375 11375 11375 11375 11605 11375 11375 11375 11864 11864 11864 11864 11377 11377 11377 11377 11377 11833 11833 11833 11375 11375 11018 11018 11018 11605 11605 11013 11376 11375 11879 11864 11864 11376 11376 11376
-9999 -9999 -9999 -9999 -9999 -9999 -9999 -9999 11828 11828 11826 11828 11828 11013 11013 11605 11013 11864 11375 11375 11375 11830 11830 11830 11830 11375 11375 11375 11375 11375 11375 11375 11375 11375 11375 11864 11864 11375 11375 11604 11604 11375 11375 11375 11375 11605 11605 11375 11375 11864 11864 11864 11864 11375 11377 11377 11377 11833 11833 11604 11375 11375 11375 11018 11018 11018 11376 11376 11376 11376 11375 11375 11879 11376 11376 11376 11376
-9999 -9999 -9999 -9999 -9999 -9999 -9999 -9999 11864 11828 11828 11828 11013 11013 11605 11605 11013 11375 11927 11375 11830 11830 11830 11830 11830 11830 11375 11375 11804 11375 11375 11375 11375 11375 11376 11376 11376 11864 11864 11376 11375 11375 11375 11605 11605 11605 11376 11375 11375 11375 11375 11604 11376 11376 11604 11377 11833 11833 11833 11833 11375 11375 11375 11375 11018 11018 11018 11376 11376 11376 11376 11375 11375 11375 11864 11864 11376
-9999 -9999 -9999 -9999 -9999 -9999 -9999 -9999 -9999 11879 11828 11828 11366 11013 11013 11013 11830 11627 11627 11375 11830 11830 11830 11830 11830 11836 11804 11804 11375 11375 11375 11375 11375 11375 11375 11376 11864 11864 11376 11376 11376 11375 11375 11605 11605 11375 11375 11375 11604 11375 11377 11377 11377 11377 11377 11377 11826 11815 11833 11833 11375 11375 11815 11827 11827 11018 11018 11018 11605 11376 11375 11375 11375 11864 11375 11864 11864
-9999 -9999 -9999 -9999 -9999 -9999 -9999 -9999 -9999 -9999 11879 11366 11830 11013 11013 11830 11375 11627 11627 11375 11830 11830 11830 11830 11830 11836 11375 11375 11375 11375 11375 11375 11376 11376 11864 11864 11376 11376 11376 11376 11375 11605 11605 11376 11375 11375 11864 11375 11375 11377 11377 11377 11375 11375 11826 11826 11815 11376 11376 11833 11815 11815 11815 11827 11827 11827 11018 11018 11018 11376 11376 11375 11375 11375 11375 11879 11864
-9999 -9999 -9999 -9999 -9999 -9999 -9999 -9999 -9999 -9999 11864 11864 11830 11830 11830 11375 11375 11627 11375 11375 11830 11830 11830 11830 11375 11375 11836 11375 11375 11375 11375 11375 11376 11376 11376 11864 11879 11376 11376 11375 11375 11605 11375 11375 11375 11864 11375 11864 11864 11375 11864 11864 11864 11864 11826 11826 11826 11376 11815 11604 11815 11815 11815 11815 11827 11827 11826 11826 11826 11604 11376 11375 11375 11375 11864 11864 11864
-9999 -9999 -9999 -9999 -9999 -9999 -9999 -9999 -9999 -9999 -9999 -9999 -9999 -9999 11375 11375 11375 11627 11830 11830 11830 11627 11830 11830 11375 11375 11836 11375 11375 11375 11375 11376 11376 11376 11376 11864 11879 11864 11375 11375 11375 11605 11375 11375 11375 11375 11864 11864 11864 11375 11375 11375 11604 11376 11376 11826 11376 11376 11604 11815 11815 11815 11815 11827 11827 11827 11826 11826 11826 11826 11376 11375 11375 11375 11864 11864 11375
-9999 -9999 -9999 -9999 -9999 -9999 -9999 -9999 -9999 -9999 -9999 -9999 -9999 -9999 11375 11375 11375 11830 11830 11830 11627 11627 11627 -9999 -9999 -9999 11836 11375 11836 11375 11375 11376 11376 11375 11864 11864 11376 11376 11376 11375 11605 11605 11627 11375 11375 11864 11604 11864 11376 11864 11864 11375 11376 11376 11376 11376 11376 11815 11815 11815 11815 11815 11815 11814 11377 11814 11376 11826 11604 11826 11375 11375 11375 11375 11869 11869 11869
-9999 -9999 -9999 -9999 -9999 -9999 -9999 -9999 -9999 -9999 -9999 -9999 -9999 -9999 11375 11375 -9999 11830 11830 11627 11627 11830 -9999 -9999 -9999 -9999 11375 11836 11836 11375 11375 11376 11376 11376 11375 11375 11375 11375 11376 11375 11605 11605 11605 11627 11375 11864 11375 11604 11376 11376 11376 11864 11375 11375 11375 11375 11375 11815 11815 11604 11815 11815 11833 11377 11377 11377 11375 11376 11376 11376 11376 11376 11376 11376 11869 11869 11604
-9999 -9999 -9999 -9999 -9999 -9999 -9999 -9999 -9999 -9999 -9999 -9999 -9999 -9999 -9999 -9999 -9999 -9999 -9999 11830 11830 -9999 -9999 -9999 -9999 -9999 11375 11836 11375 11375 11375 11376 11376 11375 11375 11375 11375 11375 11376 11604 11604 11627 11605 11627 11375 11864 11864 11375 11375 11864 11864 11864 11375 11375 11819 11819 11375 11815 11604 11815 11815 11833 11833 11375 11375 11375 11375 11376 11375 11375 11375 11814 11376 11864 11376 11375 11375
-9999 -9999 -9999 -9999 -9999 -9999 -9999 -9999 -9999 -9999 -9999 -9999 -9999 -9999 -9999 -9999 -9999 -9999 -9999 -9999 -9999 -9999 -9999 -9999 -9999 -9999 11375 11836 11375 11375 11375 11375 11375 11376 11375 11375 11376 11376 11376 11376 11604 11375 11627 11375 11375 11879 11864 11864 11375 11375 11864 11375 11604 11375 11819 11375 11375 11815 11815 11604 11864 11864 11815 11815 11375 11376 11375 11375 11375 11604 11375 -9999 -9999 -9999 -9999 -9999 11375
