EDHMvic/OtherData/ct_soil025.txt
ncols         701
nrows         425
xllcorner     90.555
yllcorner     25.055
cellsize      0.025
NODATA_value  -9999
[rows 272 to 305 of 425, columns 462 to 538 of 701]
11909 11909 11879 11909 11909 11909 11879 11864 11879 11909 11724 11724 11926 11926 11724 11724 11909 11864 11839 11376 11839 11839 11864 11839 11839 11848 11848 11848 11848 11864 11879 11879 11909 11001 11001 11909 11864 11864 11864 11001 11001 11001 11909 11864 11909 11864 11844 11844 11844 11844 11844 11844 11369 11842 11842 11376 11377 11376 11842 11842 11842 11864 11864 11864 11376 11376 11376 11376 11842 11842 11375 11842 11376 11375 11375 11839 11377
11926 11926 11909 11879 11909 11879 11864 11864 11879 11879 11001 11724 11926 11926 11724 11000 11909 11879 11839 11376 11864 11864 11864 11864 11376 11848 11848 11864 11375 11864 11864 11909 11724 11001 11909 11864 11864 11864 11001 11001 11724 11001 11864 11864 11864 11864 11864 11864 11864 11369 11369 11844 11369 11842 11842 11376 11377 11375 11375 11375 11376 11376 11376 11369 11375 11375 11376 11376 11842 11864 11842 11375 11842 11376 11375 11375 11376
11909 11879 11909 11864 11909 11879 11864 11864 11879 11909 11001 11926 11926 11724 11000 11909 11879 11864 11864 11839 11864 11909 11909 11909 11864 11376 11848 11864 11864 11839 11864 11879 11724 11001 11909 11909 11864 11864 11001 11724 11724 11909 11909 11864 11909 11909 11909 11864 11864 11376 11376 11842 11842 11864 11842 11842 11604 11376 11376 11376 11376 11848 11375 11848 11375 11839 11375 11376 11376 11376 11842 11842 11842 11375 11375 11376 11376
11879 11864 11879 11864 11879 11864 11864 11879 11879 11879 11909 11001 11926 11000 11909 11909 11864 11864 11864 11839 11864 11909 11727 11909 11879 11864 11864 11879 11879 11864 11864 11909 11724 11909 11001 11909 11864 11375 11909 11724 11909 11864 11842 11842 11909 11842 11842 11376 11376 11376 11842 11842 11842 11864 11842 11842 11842 11376 11376 11376 11375 11375 11375 11375 11375 11864 11839 11839 11375 11376 11604 11842 11864 11864 11842 11375 11376
11604 11604 11814 11814 11864 11814 11864 11909 11378 11909 11909 11926 11724 11000 11909 11864 11839 11839 11375 11839 11864 11909 11727 11909 11879 11864 11879 11909 11909 11839 11864 11879 11909 11909 11909 11864 11909 11375 11001 11724 11909 11864 11842 11842 11842 11842 11842 11842 11864 11864 11864 11842 11369 11842 11842 11376 11376 11376 11376 11376 11376 11375 11375 11864 11839 11839 11839 11839 11839 11375 11376 11604 11842 11864 11842 11842 11604
11879 11864 11814 11814 11864 11814 11864 11879 11909 11378 11926 11926 11000 11909 11864 11839 11839 11839 11367 11839 11864 11909 11727 11909 11909 11864 11864 11879 11864 11839 11864 11879 11909 11724 11001 11001 11909 11864 11909 11864 11864 11842 11864 11842 11842 11842 11842 11864 11909 11864 11864 11369 11369 11376 11842 11604 11376 11376 11376 11376 11376 11376 11376 11376 11376 11376 11839 11376 11376 11839 11376 11376 11376 11842 11864 11842 11842
11879 11864 11814 11814 11814 11814 11814 11879 11909 11909 11926 11724 11000 11909 11864 11839 11839 11839 11864 11376 11864 11727 11727 11727 11879 11879 11879 11864 11864 11879 11879 11864 11879 11724 11909 11001 11909 11864 11909 11864 11864 11864 11864 11864 11864 11909 11909 11000 11909 11909 11864 11369 11842 11376 11842 11842 11376 11376 11376 11376 11376 11376 11376 11376 11839 11376 11839 11839 11376 11376 11376 11604 11376 11376 11842 11864 11842
11909 11879 11864 11814 11814 11864 11864 11909 11909 11001 11926 11724 11000 11864 11864 11864 11839 11839 11864 11376 11864 11909 11727 11727 11879 11879 11909 11879 11879 11909 11909 11909 11909 11909 11724 11909 11001 11909 11909 11864 11909 11909 11864 11864 11909 11909 11724 11909 11909 11864 11864 11842 11842 11842 11842 11369 11842 11376 11376 11376 11376 11376 11376 11839 11839 11839 11839 11375 11375 11375 11377 11604 11604 11376 11842 11842 11864
11864 11864 11864 11814 11814 11864 11864 11879 11909 11724 11926 11724 11000 11909 11864 11864 11839 11839 11864 11375 11376 11864 11909 11727 11727 11727 11909 11909 11000 11909 11909 11909 11909 11727 11705 11705 11909 11909 11909 11864 11366 11909 11909 11909 11909 11724 11724 11000 11864 11376 11376 11376 11369 11369 11376 11369 11842 11376 11376 11376 11376 11376 11839 11839 11839 11839 11839 11839 11839 11839 11377 11376 11376 11376 11375 11375 11842
11814 11814 11814 11814 11814 11814 11864 11879 11909 11926 11926 11000 11909 11864 11864 11864 11604 11839 11375 11376 11376 11909 11909 11727 11000 11727 11909 11727 11727 11727 11909 11909 11909 11909 11909 11909 11375 11909 11909 11864 11879 11366 11366 11727 11909 11724 11724 11909 11864 11864 11864 11376 11842 11842 11376 11842 11376 11376 11376 11376 11376 11839 11839 11839 11839 11864 11839 11839 11839 11376 11377 11377 11376 11376 11376 11375 11376
11864 11814 11604 11814 11864 11814 11864 11879 11909 11926 11724 11909 11909 11864 11335 11335 11604 11864 11375 11375 11376 11909 11375 11727 11000 11727 11375 11375 11727 11000 11000 11539 11909 11879 11909 11879 11879 11879 11879 11879 11864 11864 11366 11366 11727 11724 11000 11909 11909 11864 11864 11376 11842 11842 11376 11376 11369 11376 11376 11376 11839 11375 11375 11839 11375 11864 11839 11839 11839 11376 11376 11376 11376 11376 11376 11376 11376
11814 11814 11814 11814 11814 11814 11879 11909 11724 11926 11724 11000 11909 11909 11864 11335 11604 11909 11375 11375 11376 11864 11375 11375 11727 11727 11375 11375 11727 11000 11727 11926 11879 11879 11909 11879 11879 11864 11864 11864 11864 11864 11727 11727 11727 11724 11909 11909 11864 11376 11376 11376 11842 11376 11376 11377 11369 11376 11842 11842 11839 11839 11839 11375 11375 11839 11839 11839 11839 11375 11375 11375 11376 11376 11376 11376 11375
11814 11814 11814 11814 11814 11864 11864 11879 11724 11926 11000 11909 11864 11864 11335 11335 11839 11864 11375 11375 11375 11376 11864 11375 11375 11727 11375 11375 11375 11727 11375 11926 11879 11864 11909 11879 11864 11864 11864 11864 11864 11864 11864 11727 11724 11724 11000 11000 11909 11864 11839 11839 11376 11376 11376 11369 11839 11839 11839 11839 11839 11839 11839 11839 11839 11839 11839 11839 11839 11375 11375 11375 11376 11376 11839 11839 11839
11337 11814 11814 11814 11814 11879 11879 11879 11724 11926 11000 11909 11909 11864 11864 11839 11839 11864 11909 11375 11375 11376 11909 11375 11375 11727 11375 11375 11375 11727 11375 11909 11879 11864 11879 11909 11879 11864 11864 11879 11864 11864 11453 11879 11727 11724 11909 11909 11909 11376 11376 11376 11376 11376 11839 11839 11839 11839 11839 11839 11839 11839 11839 11839 11839 11839 11839 11839 11839 11375 11375 11375 11375 11376 11369 11376 11376
11814 11814 11814 11814 11814 11864 11909 11926 11724 11724 11724 11909 11909 11864 11839 11375 11375 11375 11375 11375 11375 11376 11864 11909 11375 11375 11375 11375 11375 11727 11375 11909 11864 11375 11864 11864 11879 11864 11864 11879 11879 11879 11879 11879 11727 11724 11909 11375 11864 11376 11376 11839 11864 11839 11375 11839 11839 11375 11375 11375 11375 11839 11839 11839 11375 11375 11375 11839 11839 11839 11375 11375 11839 11376 11369 11839 11839
11814 11814 11604 11814 11814 11864 11879 11724 11724 11879 11879 11724 11909 11375 11375 11375 11375 11375 11375 11375 11375 11376 11864 11909 11375 11375 11375 11375 11727 11375 11375 11909 11375 11375 11864 11375 11375 11864 11375 11375 11879 11879 11724 11727 11727 11724 11909 11375 11864 11864 11376 11839 11864 11864 11375 11839 11375 11839 11375 11375 11375 11839 11839 11864 11839 11375 11839 11839 11839 11839 11839 11864 11839 11839 11864 11839 11839
11864 11814 11604 11814 11814 11879 11879 11724 11879 11864 11724 11724 11879 11879 11375 11375 11375 11375 11551 11375 11375 11376 11376 11864 11375 11375 11375 11375 11375 11727 11727 11864 11375 11375 11375 11864 11375 11864 11377 11375 11375 11375 11879 11909 11724 11724 11909 11375 11864 11909 11864 11839 11864 11839 11375 11839 11839 11839 11839 11839 11375 11839 11839 11375 11375 11839 11839 11851 11839 11839 11839 11864 11864 11864 11864 11839 11839
11864 11814 11604 11814 11814 11864 11909 11724 11864 11864 11724 11879 11724 11879 11375 11375 11375 11375 11375 11375 11375 11375 11375 11864 11909 11375 11375 11453 11375 11375 11375 11909 11375 11375 11864 11375 11375 11375 11377 11377 11376 11376 11879 11909 11909 11724 11909 11375 11864 11909 11864 11864 11864 11864 11839 11839 11839 11839 11375 11839 11864 11864 11839 11375 11839 11839 11839 11839 11839 11604 11839 11839 11864 11839 11864 11864 11839
11864 11814 11814 11604 11814 11864 11879 11879 11814 11864 11879 11864 11879 11879 11375 11375 11375 11375 11375 11375 11375 11375 11375 11375 11909 11375 11375 11453 11377 11375 11375 11909 11864 11375 11864 11375 11375 11375 11375 11377 11376 11864 11879 11879 11879 11724 11909 11375 11864 11375 11909 11864 11839 11839 11839 11375 11375 11375 11839 11864 11909 11864 11864 11839 11864 11864 11927 11839 11375 11839 11839 11839 11864 11864 11839 11864 11864
11864 11814 11604 11604 11814 11864 11864 11879 11814 11864 11864 11864 11864 11375 11375 11375 11453 11375 11375 11375 11375 11375 11375 11375 11909 11375 11375 11453 11377 11375 11375 11909 11864 11864 11864 11375 11375 11375 11375 11375 11376 11864 11864 11864 11864 11375 11375 11864 11864 11375 11375 11375 11839 11839 11839 11839 11839 11839 11839 11864 11909 11864 11864 11864 11864 11839 11927 11839 11839 11839 11839 11839 11864 11839 11839 11839 11864
11814 11814 11604 11604 11814 11864 11814 11814 11814 11814 11864 11864 11375 11375 11375 11375 11375 11375 11453 11375 11375 11375 11375 11864 11909 11375 11375 11453 11453 11375 11375 11909 11864 11375 11864 11375 11376 11375 11376 11376 11376 11864 11864 11864 11724 11909 11909 11375 11375 11864 11864 11375 11864 11839 11839 11839 11839 11839 11864 11864 11864 11851 11839 11375 11375 11839 11839 11839 11375 11839 11839 11839 11839 11839 11839 11839 11839
11814 11814 11814 11814 11814 11814 11814 11814 11814 11814 11375 11375 11375 11375 11375 11375 11375 11453 11375 11375 11375 11375 11375 11864 11875 11879 11375 11453 11879 11376 11376 11864 11864 11375 11375 11864 11376 11376 11376 11864 11604 11864 11879 11864 11724 11909 11375 11909 11375 11864 11839 11864 11909 11864 11864 11839 11864 11864 11909 11864 11839 11851 11851 11851 11375 11839 11839 11839 11839 11839 11839 11839 11839 11839 11839 11839 11854
11604 11604 11604 11814 11814 11604 11814 11864 11864 11864 11604 11375 11375 11375 11375 11375 11375 11909 11375 11375 11375 11375 11375 11864 11375 11879 11375 11857 11879 11376 11376 11909 11864 11375 11375 11375 11376 11864 11864 11864 11864 11864 11879 11879 11879 11724 11724 11909 11864 11375 11839 11839 11839 11839 11839 11909 11909 11909 11839 11839 11839 11851 11851 11864 11864 11375 11839 11864 11839 11839 11844 11844 11839 11839 11839 11839 11839
11814 11814 11814 11814 11814 11814 11814 11864 11909 11909 11814 11375 11375 11814 11375 11375 11375 11909 11375 11375 11375 11375 11375 11864 11375 11879 11376 11857 11879 11376 11376 11909 11377 11375 11375 11864 11864 11864 11864 11864 11864 11453 11864 11879 11909 11724 11724 11909 11864 11375 11864 11839 11839 11839 11864 11909 11864 11839 11839 11839 11839 11839 11375 11375 11839 11839 11839 11839 11839 11843 11844 11844 11844 11844 11839 11839 11839
11814 11814 11814 11814 11814 11879 11864 11864 11909 11909 11864 11375 11375 11375 11375 11375 11375 11375 11375 11375 11375 11375 11375 11875 11375 11376 11376 11879 11879 11870 11376 11909 11377 11377 11376 11864 11864 11864 11864 11864 11864 11453 11909 11724 11724 11724 11724 11864 11864 11839 11839 11839 11814 11839 11864 11864 11839 11839 11839 11839 11814 11814 11839 11839 11839 11839 11839 11844 11843 11843 11843 11844 11844 11864 11864 11864 11854
11814 11814 11814 11814 11814 11879 11909 11879 11724 11909 11375 11375 11375 11375 11375 11375 11375 11375 11375 11375 11375 11375 11375 11375 11375 11376 11870 11879 11879 11870 11899 11909 11377 11377 11377 11864 11864 11864 11864 11879 11453 11909 11724 11724 11724 11724 11909 11864 11864 11864 11839 11839 11814 11839 11839 11839 11839 11814 11814 11814 11376 11376 11843 11839 11839 11844 11844 11844 11844 11841 11841 11864 11369 11864 11864 11864 11844
11814 11604 11814 11814 11814 11879 11909 11909 11724 11909 11909 11724 11375 11375 11375 11375 11375 11375 11375 11375 11375 11375 11375 11375 11551 11376 11376 11870 11870 11899 11899 11377 11377 11377 11377 11864 11864 11864 11864 11879 11879 11879 11879 11724 11724 11724 11724 11909 11909 11909 11909 11864 11839 11814 11839 11839 11839 11814 11839 11839 11376 11376 11843 11839 11843 11843 11844 11869 11844 11841 11841 11864 11864 11839 11375 11864 11864
11604 11604 11814 11814 11864 11909 11724 11909 11375 11909 11724 11724 11375 11375 11375 11375 11375 11375 11375 11375 11375 11375 11375 11909 11375 11375 11376 11899 11870 11899 11899 11899 11377 11377 11377 11377 11375 11375 11864 11879 11879 11870 11879 11879 11909 11724 11724 11724 11724 11909 11839 11864 11839 11814 11839 11839 11814 11814 11864 11851 11851 11376 11843 11843 11843 11843 11843 11844 11869 11844 11844 11864 11839 11375 11375 11839 11864
11814 11814 11814 11814 11814 11864 11909 11864 11375 11909 11724 11724 11375 11375 11375 11375 11375 11375 11375 11724 11375 11375 11375 11909 11375 11375 11376 11899 11870 11870 11870 11899 11899 11899 11870 11870 11375 11870 11870 11864 11864 11870 11870 11864 11864 11909 11724 11724 11724 11909 11864 11839 11839 11814 11839 11814 11814 11844 11864 11851 11375 11839 11839 11843 11869 11869 11884 11869 11869 11844 11844 11844 11844 11844 11376 11839 11864
11814 11814 11604 11814 11814 11864 11864 11814 11375 11909 11724 11375 11375 11375 11375 11375 11375 11375 11375 11724 11375 11375 11375 11375 11375 11375 11376 11899 11899 11870 11870 11899 11899 11899 11870 11870 11870 11870 11870 11375 11870 11870 11864 11366 11366 11864 11864 11909 11909 11909 11839 11839 11839 11814 11814 11814 11844 11844 11864 11851 11375 11869 11839 11839 11869 11884 11884 11869 11844 11844 11844 11844 11841 11376 11843 11376 11844
11814 11814 11604 11375 11814 11814 11814 11814 11375 11909 11724 11909 11375 11375 11375 11375 11375 11375 11375 11724 11724 11724 11375 11375 11375 11899 11376 11453 11899 11870 11870 11870 11899 11870 11870 11870 11870 11864 11864 11375 11375 11375 11864 11864 11826 11366 11814 11864 11366 11864 11909 11839 11839 11814 11844 11844 11844 11884 11864 11851 11884 11884 11869 11869 11869 11884 11869 11844 11844 11864 11864 11864 11841 11841 11843 11376 11851
11814 11814 11604 11375 11814 11814 11375 11375 11375 11724 11375 11375 11909 11375 11375 11375 11375 11375 11375 11724 11724 11724 11375 11375 11375 11453 11899 11453 11899 11870 11870 11389 11870 11870 11864 11870 11864 11864 11864 11864 11375 11375 11375 11826 11826 11366 11366 11366 11366 11864 11864 11864 11839 11814 11844 11884 11884 11884 11864 11864 11884 11884 11884 11884 11884 11881 11864 11864 11864 11843 11864 11864 11844 11844 11841 11843 11376
11814 11604 11604 11814 11375 11375 11375 11375 11375 11375 11375 11375 11909 11375 11375 11375 11375 11375 11724 11724 11724 11375 11375 11375 11375 11453 11453 11899 11899 11870 11870 11389 11864 11864 11864 11864 11864 11864 11375 11375 11375 11375 11368 11368 11375 11839 11839 11814 11814 11839 11839 11839 11814 11839 11844 11884 11884 11864 11864 11864 11884 11884 11864 11864 11864 11864 11881 11864 11864 11843 11844 11844 11841 11841 11841 11843 11843
11814 11483 11604 11814 11375 11375 11375 11375 11375 11375 11375 11375 11375 11375 11375 11375 11375 11375 11724 11724 11375 11375 11375 11375 11899 11453 11453 11899 11899 11899 11376 11376 11864 11864 11864 11864 11864 11864 11375 11375 11375 11879 11375 11368 11375 11864 11864 11839 11814 11814 11814 11839 11814 11814 11814 11024 11024 11864 11864 11884 11884 11884 11864 11864 11843 11843 11843 11843 11843 11843 11844 11844 11841 11864 11864 11844 11844
